inventory
5,41
9,1
10,1
1,64
2,64
3,64
6,47
3,64
3,64
3,64
terrain
0
0.180000
24.000000
4
1000
2.000000
0.500000
world
3,1,35,0
3,1,34,0
3,1,33,0
3,1,32,0
3,1,31,0
3,1,30,0
3,1,29,0
3,1,28,0
3,1,27,0
3,1,26,0
3,1,25,0
3,1,24,0
3,1,23,0
3,1,22,0
3,1,21,0
3,1,20,0
3,1,19,0
3,1,18,0
3,1,17,0
3,1,16,0
3,1,15,0
3,1,14,0
3,1,13,0
3,1,12,0
5,20,13,0
4,19,12,0
4,19,13,0
4,19,14,0
4,20,12,0
4,20,13,0
4,20,14,0
4,21,12,0
4,21,13,0
4,21,14,0
5,19,12,0
5,19,13,0
5,19,14,0
5,20,12,0
5,20,14,0
5,21,12,0
5,21,13,0
5,21,14,0
6,19,12,0
6,19,13,0
6,19,14,0
6,20,12,0
6,20,13,0
6,20,14,0
6,21,12,0
6,21,13,0
6,21,14,0
3,18,11,0
3,18,12,0
3,18,13,0
3,19,11,0
3,19,12,0
3,19,13,0
3,20,11,0
3,20,12,0
3,20,13,0
4,18,11,0
4,18,12,0
4,18,13,0
4,19,11,0
4,20,11,0
5,18,11,0
5,18,12,0
5,18,13,0
5,19,11,0
5,20,11,0
3,18,14,0
3,19,14,0
3,20,14,0
4,18,14,0
5,18,14,0
3,18,15,0
3,19,15,0
3,20,15,0
4,18,15,0
4,19,15,0
4,20,15,0
5,18,15,0
5,19,15,0
5,20,15,0
3,21,11,0
3,21,12,0
3,21,13,0
4,21,11,0
-7,11,21,0
-8,10,20,0
-8,10,21,0
-8,10,22,0
-8,11,20,0
-8,11,21,0
-8,11,22,0
-8,12,20,0
-8,12,21,0
-8,12,22,0
-7,10,20,0
-7,10,21,0
-7,10,22,0
-7,11,20,0
-7,11,22,0
-7,12,20,0
-7,12,21,0
-7,12,22,0
-6,10,20,0
-6,10,21,0
-6,10,22,0
-6,11,20,0
-6,11,21,0
-6,11,22,0
-6,12,20,0
-6,12,21,0
-6,12,22,0
-9,9,19,0
-9,9,20,0
-9,9,21,0
-9,10,19,0
-9,10,20,0
-9,10,21,0
-9,11,19,0
-9,11,20,0
-9,11,21,0
-8,9,19,0
-8,9,20,0
-8,9,21,0
-8,10,19,0
-8,11,19,0
-7,9,19,0
-7,9,20,0
-7,9,21,0
-7,10,19,0
-7,11,19,0
-9,9,22,0
-9,10,22,0
-9,11,22,0
-8,9,22,0
-7,9,22,0
-9,9,23,0
-9,10,23,0
-9,11,23,0
-8,9,23,0
-8,10,23,0
-8,11,23,0
-7,9,23,0
-7,10,23,0
-7,11,23,0
-9,12,19,0
-9,12,20,0
-9,12,21,0
-8,12,19,0
-3,15,20,0
-4,14,19,0
-4,14,20,0
-4,14,21,0
-4,15,19,0
-4,15,20,0
-4,15,21,0
-4,16,19,0
-4,16,20,0
-4,16,21,0
-3,14,19,0
-3,14,20,0
-3,14,21,0
-3,15,19,0
-3,15,21,0
-3,16,19,0
-3,16,20,0
-3,16,21,0
-2,14,19,0
-2,14,20,0
-2,14,21,0
-2,15,19,0
-2,15,20,0
-2,15,21,0
-2,16,19,0
-2,16,20,0
-2,16,21,0
-5,13,18,0
-5,13,19,0
-5,13,20,0
-5,14,18,0
-5,14,19,0
-5,14,20,0
-5,15,18,0
-5,15,19,0
-5,15,20,0
-4,13,18,0
-4,13,19,0
-4,13,20,0
-4,14,18,0
-4,15,18,0
-3,13,18,0
-3,13,19,0
-3,13,20,0
-3,14,18,0
-3,15,18,0
-5,13,21,0
-5,14,21,0
-5,15,21,0
-4,13,21,0
-3,13,21,0
-5,13,22,0
-5,14,22,0
-5,15,22,0
-4,13,22,0
-4,14,22,0
-4,15,22,0
-3,13,22,0
-3,14,22,0
-3,15,22,0
-5,16,18,0
-5,16,19,0
-5,16,20,0
-4,16,18,0
-1,18,19,0
-2,17,18,0
-2,17,19,0
-2,17,20,0
-2,18,18,0
-2,18,19,0
-2,18,20,0
-2,19,18,0
-2,19,19,0
-2,19,20,0
-1,17,18,0
-1,17,19,0
-1,17,20,0
-1,18,18,0
-1,18,20,0
-1,19,18,0
-1,19,19,0
-1,19,20,0
0,17,18,0
0,17,19,0
0,17,20,0
0,18,18,0
0,18,19,0
0,18,20,0
0,19,18,0
0,19,19,0
0,19,20,0
-3,16,17,0
-3,16,18,0
-3,17,17,0
-3,17,18,0
-3,17,19,0
-3,18,17,0
-3,18,18,0
-3,18,19,0
-2,16,17,0
-2,16,18,0
-2,17,17,0
-2,18,17,0
-1,16,17,0
-1,16,18,0
-1,16,19,0
-1,17,17,0
-1,18,17,0
-3,17,20,0
-3,18,20,0
-1,16,20,0
-3,17,21,0
-3,18,21,0
-2,17,21,0
-2,18,21,0
-1,16,21,0
-1,17,21,0
-1,18,21,0
-3,19,17,0
-3,19,18,0
-3,19,19,0
-2,19,17,0
-1,19,17,0
-3,19,20,0
-3,19,21,0
-2,19,21,0
-1,19,21,0
-3,20,17,0
2,20,18,0
1,19,17,0
1,19,18,0
1,19,19,0
1,20,17,0
1,20,18,0
1,20,19,0
1,21,17,0
1,21,18,0
1,21,19,0
2,19,17,0
2,19,18,0
2,19,19,0
2,20,17,0
2,20,19,0
2,21,17,0
2,21,18,0
2,21,19,0
3,19,17,0
3,19,18,0
3,19,19,0
3,20,17,0
3,20,18,0
3,20,19,0
3,21,17,0
3,21,18,0
3,21,19,0
0,18,16,0
0,18,17,0
0,19,16,0
0,19,17,0
0,20,16,0
0,20,17,0
0,20,18,0
1,18,16,0
1,18,17,0
1,18,18,0
1,19,16,0
1,20,16,0
2,18,16,0
2,18,17,0
2,18,18,0
2,19,16,0
2,20,16,0
0,20,19,0
1,18,19,0
2,18,19,0
0,20,20,0
1,18,20,0
1,19,20,0
1,20,20,0
2,18,20,0
2,19,20,0
2,20,20,0
0,21,16,0
0,21,17,0
0,21,18,0
1,21,16,0
2,21,16,0
0,21,19,0
0,21,20,0
1,21,20,0
2,21,20,0
0,22,16,0
3,23,18,0
2,22,17,0
2,22,18,0
2,22,19,0
2,23,17,0
2,23,18,0
2,23,19,0
2,24,17,0
2,24,18,0
2,24,19,0
3,22,17,0
3,22,18,0
3,22,19,0
3,23,17,0
3,23,19,0
3,24,17,0
3,24,18,0
3,24,19,0
4,22,17,0
4,22,18,0
4,22,19,0
4,23,17,0
4,23,18,0
4,23,19,0
4,24,17,0
4,24,18,0
4,24,19,0
1,22,16,0
1,22,17,0
1,22,18,0
1,23,16,0
1,23,17,0
1,23,18,0
2,22,16,0
2,23,16,0
3,21,16,0
3,22,16,0
3,23,16,0
1,22,19,0
1,23,19,0
1,22,20,0
1,23,20,0
2,22,20,0
2,23,20,0
3,21,20,0
3,22,20,0
3,23,20,0
1,24,16,0
1,24,17,0
1,24,18,0
2,24,16,0
3,24,16,0
1,24,19,0
1,24,20,0
2,24,20,0
3,24,20,0
1,25,16,0
1,25,17,0
1,25,18,0
2,25,16,0
2,25,17,0
2,25,18,0
3,25,16,0
3,25,17,0
3,26,19,0
2,25,19,0
2,25,20,0
2,26,18,0
2,26,19,0
2,26,20,0
2,27,18,0
2,27,19,0
2,27,20,0
3,25,18,0
3,25,19,0
3,25,20,0
3,26,18,0
3,26,20,0
3,27,18,0
3,27,19,0
3,27,20,0
4,25,18,0
4,25,19,0
4,25,20,0
4,26,18,0
4,26,19,0
4,26,20,0
4,27,18,0
4,27,19,0
4,27,20,0
1,25,19,0
1,25,20,0
1,26,18,0
1,26,19,0
1,26,20,0
1,24,21,0
1,25,21,0
1,26,21,0
2,24,21,0
2,25,21,0
2,26,21,0
3,24,21,0
3,25,21,0
3,26,21,0
1,26,17,0
1,27,17,0
1,27,18,0
1,27,19,0
2,26,17,0
2,27,17,0
3,26,17,0
3,27,17,0
1,27,20,0
1,27,21,0
2,27,21,0
3,27,21,0
1,28,17,0
1,28,18,0
1,28,19,0
2,28,17,0
2,28,18,0
2,28,19,0
3,28,17,0
3,28,18,0
3,28,19,0
1,28,20,0
2,28,20,0
3,28,20,0
5,29,19,0
4,28,18,0
4,28,19,0
4,28,20,0
4,29,18,0
4,29,19,0
4,29,20,0
4,30,18,0
4,30,19,0
4,30,20,0
5,28,18,0
5,28,19,0
5,28,20,0
5,29,18,0
5,29,20,0
5,30,18,0
5,30,19,0
5,30,20,0
6,28,18,0
6,28,19,0
6,28,20,0
6,29,18,0
6,29,19,0
6,29,20,0
6,30,18,0
6,30,19,0
6,30,20,0
3,29,17,0
3,29,18,0
3,29,19,0
4,27,17,0
4,28,17,0
4,29,17,0
5,27,17,0
5,27,18,0
5,27,19,0
5,28,17,0
5,29,17,0
3,29,20,0
5,27,20,0
3,28,21,0
3,29,21,0
4,27,21,0
4,28,21,0
4,29,21,0
5,27,21,0
5,28,21,0
5,29,21,0
3,30,17,0
3,30,18,0
3,30,19,0
4,30,17,0
5,30,17,0
3,30,20,0
3,30,21,0
4,30,21,0
5,30,21,0
3,31,17,0
3,31,18,0
3,31,19,0
4,31,17,0
4,31,18,0
4,31,19,0
5,31,17,0
7,32,19,0
6,31,18,0
6,31,19,0
6,31,20,0
6,32,18,0
6,32,19,0
6,32,20,0
6,33,18,0
6,33,19,0
6,33,20,0
7,31,18,0
7,31,19,0
7,31,20,0
7,32,18,0
7,32,20,0
7,33,18,0
7,33,19,0
7,33,20,0
8,31,18,0
8,31,19,0
8,31,20,0
8,32,18,0
8,32,19,0
8,32,20,0
8,33,18,0
8,33,19,0
8,33,20,0
5,31,18,0
5,31,19,0
5,32,17,0
5,32,18,0
5,32,19,0
6,30,17,0
6,31,17,0
6,32,17,0
7,30,17,0
7,30,18,0
7,30,19,0
7,31,17,0
7,32,17,0
5,31,20,0
5,32,20,0
7,30,20,0
5,31,21,0
5,32,21,0
6,30,21,0
6,31,21,0
6,32,21,0
7,30,21,0
7,31,21,0
7,32,21,0
5,33,17,0
5,33,18,0
5,33,19,0
6,33,17,0
7,33,17,0
5,33,20,0
5,33,21,0
6,33,21,0
7,33,21,0
5,34,17,0
5,34,18,0
5,34,19,0
6,34,17,0
10,32,19,0
9,31,18,0
9,31,19,0
9,31,20,0
9,32,18,0
9,32,19,0
9,32,20,0
9,33,18,0
9,33,19,0
9,33,20,0
10,31,18,0
10,31,19,0
10,31,20,0
10,32,18,0
10,32,20,0
10,33,18,0
10,33,19,0
10,33,20,0
11,31,18,0
11,31,19,0
11,31,20,0
11,32,18,0
11,32,19,0
11,32,20,0
11,33,18,0
11,33,19,0
11,33,20,0
8,30,17,0
8,30,18,0
8,30,19,0
8,31,17,0
8,32,17,0
9,30,17,0
9,30,18,0
9,30,19,0
9,31,17,0
9,32,17,0
10,30,17,0
10,30,18,0
10,30,19,0
10,31,17,0
10,32,17,0
8,30,20,0
9,30,20,0
10,30,20,0
8,30,21,0
8,31,21,0
8,32,21,0
9,30,21,0
9,31,21,0
9,32,21,0
10,30,21,0
10,31,21,0
10,32,21,0
8,33,17,0
9,33,17,0
10,33,17,0
8,33,21,0
9,33,21,0
10,33,21,0
8,34,17,0
8,34,18,0
8,34,19,0
9,34,17,0
12,31,19,0
11,30,18,0
11,30,19,0
11,30,20,0
12,30,18,0
12,30,19,0
12,30,20,0
12,31,18,0
12,31,20,0
12,32,18,0
12,32,19,0
12,32,20,0
13,30,18,0
13,30,19,0
13,30,20,0
13,31,18,0
13,31,19,0
13,31,20,0
13,32,18,0
13,32,19,0
13,32,20,0
10,29,17,0
10,29,18,0
10,29,19,0
11,29,17,0
11,29,18,0
11,29,19,0
11,30,17,0
11,31,17,0
12,29,17,0
12,29,18,0
12,29,19,0
12,30,17,0
12,31,17,0
10,29,20,0
11,29,20,0
12,29,20,0
10,29,21,0
11,29,21,0
11,30,21,0
11,31,21,0
12,29,21,0
12,30,21,0
12,31,21,0
13,29,17,0
13,29,18,0
13,29,19,0
13,30,17,0
13,31,17,0
13,29,20,0
13,29,21,0
13,30,21,0
13,31,21,0
11,32,17,0
12,32,17,0
13,32,17,0
11,32,21,0
12,32,21,0
13,32,21,0
11,33,17,0
12,33,17,0
12,33,18,0
12,33,19,0
13,33,17,0
17,19,18,0
17,19,19,0
17,19,20,0
17,19,21,0
17,19,22,0
17,20,18,0
17,20,19,0
17,20,20,0
17,20,21,0
17,20,22,0
17,21,18,0
17,21,19,0
17,21,20,0
17,21,21,0
17,21,22,0
17,22,18,0
17,22,19,0
17,22,20,0
17,22,21,0
17,22,22,0
17,23,18,0
17,23,19,0
17,23,20,0
17,23,21,0
17,23,22,0
18,19,18,0
18,19,19,0
18,19,20,0
18,19,21,0
18,19,22,0
18,20,18,0
18,20,19,0
18,20,20,0
18,20,21,0
18,20,22,0
18,21,18,0
18,21,19,0
18,21,20,0
18,21,21,0
18,21,22,0
18,22,18,0
18,22,19,0
18,22,20,0
18,22,21,0
18,22,22,0
18,23,18,0
18,23,19,0
18,23,20,0
18,23,21,0
18,23,22,0
19,19,18,0
19,19,19,0
19,19,20,0
19,19,21,0
19,19,22,0
19,20,18,0
19,20,19,0
19,20,20,0
19,20,21,0
19,20,22,0
19,21,18,0
19,21,19,0
19,21,20,0
19,21,21,0
19,21,22,0
19,22,18,0
19,22,19,0
19,22,20,0
19,22,21,0
19,22,22,0
19,23,18,0
19,23,19,0
19,23,20,0
19,23,21,0
19,23,22,0
20,19,18,0
20,19,19,0
20,19,20,0
20,19,21,0
20,19,22,0
20,20,18,0
20,20,19,0
20,20,20,0
20,20,21,0
20,20,22,0
20,21,18,0
20,21,19,0
20,21,20,0
20,21,21,0
20,21,22,0
20,22,18,0
20,22,19,0
20,22,20,0
20,22,21,0
20,22,22,0
20,23,18,0
20,23,19,0
20,23,20,0
20,23,21,0
20,23,22,0
21,19,18,0
21,19,19,0
21,19,20,0
21,19,21,0
21,19,22,0
21,20,18,0
21,20,19,0
21,20,20,0
21,20,21,0
21,20,22,0
21,21,18,0
21,21,19,0
21,21,20,0
21,21,21,0
21,21,22,0
21,22,18,0
21,22,19,0
21,22,20,0
21,22,21,0
21,22,22,0
21,23,18,0
21,23,19,0
21,23,20,0
21,23,21,0
21,23,22,0
16,16,18,0
16,16,19,0
16,16,20,0
16,16,21,0
16,16,22,0
16,17,18,0
16,17,19,0
16,17,20,0
16,17,21,0
16,17,22,0
16,18,18,0
16,18,19,0
16,18,20,0
16,18,21,0
16,18,22,0
16,19,18,0
16,19,19,0
16,19,20,0
16,19,21,0
16,19,22,0
16,20,18,0
16,20,19,0
16,20,20,0
16,20,21,0
16,20,22,0
17,16,18,0
17,16,19,0
17,16,20,0
17,16,21,0
17,16,22,0
17,17,18,0
17,17,19,0
17,17,20,0
17,17,21,0
17,17,22,0
17,18,18,0
17,18,19,0
17,18,20,0
17,18,21,0
17,18,22,0
17,19,18,0
17,19,19,0
17,19,20,0
17,19,21,0
17,19,22,0
17,20,18,0
17,20,19,0
17,20,20,0
17,20,21,0
17,20,22,0
18,16,18,0
18,16,19,0
18,16,20,0
18,16,21,0
18,16,22,0
18,17,18,0
18,17,19,0
18,17,20,0
18,17,21,0
18,17,22,0
18,18,18,0
18,18,19,0
18,18,20,0
18,18,21,0
18,18,22,0
18,19,18,0
18,19,19,0
18,19,20,0
18,19,21,0
18,19,22,0
18,20,18,0
18,20,19,0
18,20,20,0
18,20,21,0
18,20,22,0
19,16,18,0
19,16,19,0
19,16,20,0
19,16,21,0
19,16,22,0
19,17,18,0
19,17,19,0
19,17,20,0
19,17,21,0
19,17,22,0
19,18,18,0
19,18,19,0
19,18,20,0
19,18,21,0
19,18,22,0
19,19,18,0
19,19,19,0
19,19,20,0
19,19,21,0
19,19,22,0
19,20,18,0
19,20,19,0
19,20,20,0
19,20,21,0
19,20,22,0
20,16,18,0
20,16,19,0
20,16,20,0
20,16,21,0
20,16,22,0
20,17,18,0
20,17,19,0
20,17,20,0
20,17,21,0
20,17,22,0
20,18,18,0
20,18,19,0
20,18,20,0
20,18,21,0
20,18,22,0
20,19,18,0
20,19,19,0
20,19,20,0
20,19,21,0
20,19,22,0
20,20,18,0
20,20,19,0
20,20,20,0
20,20,21,0
20,20,22,0
15,13,18,0
15,13,19,0
15,13,20,0
15,13,21,0
15,13,22,0
15,14,18,0
15,14,19,0
15,14,20,0
15,14,21,0
15,14,22,0
15,15,18,0
15,15,18,0
15,15,19,0
15,15,20,0
15,15,21,0
15,15,22,0
15,16,18,0
15,16,19,0
15,16,20,0
15,16,21,0
15,16,22,0
15,17,18,0
15,17,19,0
15,17,20,0
15,17,21,0
15,17,22,0
16,13,18,0
16,13,19,0
16,13,20,0
16,13,21,0
16,13,22,0
16,14,18,0
16,14,19,0
16,14,20,0
16,14,21,0
16,14,22,0
16,15,18,0
16,15,19,0
16,15,20,0
16,15,21,0
16,15,22,0
16,16,18,0
16,16,19,0
16,16,20,0
16,16,21,0
16,16,22,0
16,17,18,0
16,17,19,0
16,17,20,0
16,17,21,0
16,17,22,0
17,13,18,0
17,13,19,0
17,13,20,0
17,13,21,0
17,13,22,0
17,14,18,0
17,14,19,0
17,14,20,0
17,14,21,0
17,14,22,0
17,15,18,0
17,15,19,0
17,15,20,0
17,15,21,0
17,15,22,0
17,16,18,0
17,16,19,0
17,16,20,0
17,16,21,0
17,16,22,0
17,17,18,0
17,17,19,0
17,17,20,0
17,17,21,0
17,17,22,0
18,13,18,0
18,13,19,0
18,13,20,0
18,13,21,0
18,13,22,0
18,14,18,0
18,14,19,0
18,14,20,0
18,14,21,0
18,14,22,0
18,15,18,0
18,15,19,0
18,15,20,0
18,15,21,0
18,15,22,0
18,16,18,0
18,16,19,0
18,16,20,0
18,16,21,0
18,16,22,0
18,17,18,0
18,17,19,0
18,17,20,0
18,17,21,0
18,17,22,0
19,13,18,0
19,13,19,0
19,13,20,0
19,13,21,0
19,13,22,0
19,14,18,0
19,14,19,0
19,14,20,0
19,14,21,0
19,14,22,0
19,15,18,0
19,15,19,0
19,15,20,0
19,15,21,0
19,15,22,0
19,16,18,0
19,16,19,0
19,16,20,0
19,16,21,0
19,16,22,0
19,17,18,0
19,17,19,0
19,17,20,0
19,17,21,0
19,17,22,0
12,12,18,0
12,12,19,0
12,12,20,0
12,12,21,0
12,12,22,0
12,13,18,0
12,13,19,0
12,13,20,0
12,13,21,0
12,13,22,0
12,14,18,0
12,14,19,0
12,14,20,0
12,14,21,0
12,14,22,0
12,15,18,0
12,15,19,0
12,15,20,0
12,15,21,0
12,15,22,0
12,16,18,0
12,16,19,0
12,16,20,0
12,16,21,0
12,16,22,0
13,12,18,0
13,12,19,0
13,12,20,0
13,12,21,0
13,12,22,0
13,13,18,0
13,13,19,0
13,13,20,0
13,13,21,0
13,13,22,0
13,14,18,0
13,14,19,0
13,14,20,0
13,14,21,0
13,14,22,0
13,15,18,0
13,15,19,0
13,15,20,0
13,15,21,0
13,15,22,0
13,16,18,0
13,16,19,0
13,16,20,0
13,16,21,0
13,16,22,0
14,12,18,0
14,12,19,0
14,12,20,0
14,12,21,0
14,12,22,0
14,13,18,0
14,13,19,0
14,13,20,0
14,13,21,0
14,13,22,0
14,14,18,0
14,14,19,0
14,14,20,0
14,14,21,0
14,14,22,0
14,15,18,0
14,15,19,0
14,15,20,0
14,15,21,0
14,15,22,0
14,16,18,0
14,16,19,0
14,16,20,0
14,16,21,0
14,16,22,0
15,12,18,0
15,12,19,0
15,12,20,0
15,12,21,0
15,12,22,0
15,13,18,0
15,13,19,0
15,13,20,0
15,13,21,0
15,13,22,0
15,14,18,0
15,14,19,0
15,14,20,0
15,14,21,0
15,14,22,0
15,15,18,0
15,15,19,0
15,15,20,0
15,15,21,0
15,15,22,0
15,16,18,0
15,16,19,0
15,16,20,0
15,16,21,0
15,16,22,0
16,12,18,0
16,12,19,0
16,12,20,0
16,12,21,0
16,12,22,0
16,13,18,0
16,13,19,0
16,13,20,0
16,13,21,0
16,13,22,0
16,14,18,0
16,14,19,0
16,14,20,0
16,14,21,0
16,14,22,0
16,15,18,0
16,15,19,0
16,15,20,0
16,15,21,0
16,15,22,0
16,16,18,0
16,16,19,0
16,16,20,0
16,16,21,0
16,16,22,0
10,8,18,0
10,8,19,0
10,8,20,0
10,8,21,0
10,8,22,0
10,9,18,0
10,9,19,0
10,9,20,0
10,9,21,0
10,9,22,0
10,10,18,0
10,10,19,0
10,10,20,0
10,10,21,0
10,10,22,0
10,11,18,0
10,11,19,0
10,11,20,0
10,11,21,0
10,11,22,0
10,12,18,0
10,12,19,0
10,12,20,0
10,12,21,0
10,12,22,0
11,8,18,0
11,8,19,0
11,8,20,0
11,8,21,0
11,8,22,0
11,9,18,0
11,9,19,0
11,9,20,0
11,9,21,0
11,9,22,0
11,10,18,0
11,10,19,0
11,10,20,0
11,10,21,0
11,10,22,0
11,11,18,0
11,11,19,0
11,11,20,0
11,11,21,0
11,11,22,0
11,12,18,0
11,12,19,0
11,12,20,0
11,12,21,0
11,12,22,0
12,8,18,0
12,8,19,0
12,8,20,0
12,8,21,0
12,8,22,0
12,9,18,0
12,9,19,0
12,9,20,0
12,9,21,0
12,9,22,0
12,10,18,0
12,10,19,0
12,10,20,0
12,10,21,0
12,10,22,0
12,11,18,0
12,11,19,0
12,11,20,0
12,11,21,0
12,11,22,0
12,12,18,0
12,12,19,0
12,12,20,0
12,12,21,0
12,12,22,0
13,8,18,0
13,8,19,0
13,8,20,0
13,8,21,0
13,8,22,0
13,9,18,0
13,9,19,0
13,9,20,0
13,9,21,0
13,9,22,0
13,10,18,0
13,10,19,0
13,10,20,0
13,10,21,0
13,10,22,0
13,11,18,0
13,11,19,0
13,11,20,0
13,11,21,0
13,11,22,0
13,12,18,0
13,12,19,0
13,12,20,0
13,12,21,0
13,12,22,0
14,8,18,0
14,8,19,0
14,8,20,0
14,8,21,0
14,8,22,0
14,9,18,0
14,9,19,0
14,9,20,0
14,9,21,0
14,9,22,0
14,10,18,0
14,10,19,0
14,10,20,0
14,10,21,0
14,10,22,0
14,11,18,0
14,11,19,0
14,11,20,0
14,11,21,0
14,11,22,0
14,12,18,0
14,12,19,0
14,12,20,0
14,12,21,0
14,12,22,0
7,6,19,0
7,6,20,0
7,6,21,0
7,6,22,0
7,6,23,0
7,7,19,0
7,7,20,0
7,7,21,0
7,7,22,0
7,7,23,0
7,8,19,0
7,8,20,0
7,8,21,0
7,8,22,0
7,8,23,0
7,9,19,0
7,9,20,0
7,9,21,0
7,9,22,0
7,9,23,0
7,10,19,0
7,10,20,0
7,10,21,0
7,10,22,0
7,10,23,0
8,6,19,0
8,6,20,0
8,6,21,0
8,6,22,0
8,6,23,0
8,7,19,0
8,7,20,0
8,7,21,0
8,7,22,0
8,7,23,0
8,8,19,0
8,8,20,0
8,8,21,0
8,8,22,0
8,8,23,0
8,9,19,0
8,9,20,0
8,9,21,0
8,9,22,0
8,9,23,0
8,10,19,0
8,10,20,0
8,10,21,0
8,10,22,0
8,10,23,0
9,6,19,0
9,6,20,0
9,6,21,0
9,6,22,0
9,6,23,0
9,7,19,0
9,7,20,0
9,7,21,0
9,7,22,0
9,7,23,0
9,8,19,0
9,8,20,0
9,8,21,0
9,8,22,0
9,8,23,0
9,9,19,0
9,9,20,0
9,9,21,0
9,9,22,0
9,9,23,0
9,10,19,0
9,10,20,0
9,10,21,0
9,10,22,0
9,10,23,0
10,6,19,0
10,6,20,0
10,6,21,0
10,6,22,0
10,6,23,0
10,7,19,0
10,7,20,0
10,7,21,0
10,7,22,0
10,7,23,0
10,8,19,0
10,8,20,0
10,8,21,0
10,8,22,0
10,8,23,0
10,9,19,0
10,9,20,0
10,9,21,0
10,9,22,0
10,9,23,0
10,10,19,0
10,10,20,0
10,10,21,0
10,10,22,0
10,10,23,0
11,6,19,0
11,6,20,0
11,6,21,0
11,6,22,0
11,6,23,0
11,7,19,0
11,7,20,0
11,7,21,0
11,7,22,0
11,7,23,0
11,8,19,0
11,8,20,0
11,8,21,0
11,8,22,0
11,8,23,0
11,9,19,0
11,9,20,0
11,9,21,0
11,9,22,0
11,9,23,0
11,10,19,0
11,10,20,0
11,10,21,0
11,10,22,0
11,10,23,0
4,4,19,0
4,4,20,0
4,4,21,0
4,4,22,0
4,4,23,0
4,5,19,0
4,5,20,0
4,5,21,0
4,5,22,0
4,5,23,0
4,6,19,0
4,6,20,0
4,6,21,0
4,6,22,0
4,6,23,0
4,7,19,0
4,7,20,0
4,7,21,0
4,7,22,0
4,7,23,0
4,8,19,0
4,8,20,0
4,8,21,0
4,8,22,0
4,8,23,0
5,4,19,0
5,4,20,0
5,4,21,0
5,4,22,0
5,4,23,0
5,5,19,0
5,5,20,0
5,5,21,0
5,5,22,0
5,5,23,0
5,6,19,0
5,6,20,0
5,6,21,0
5,6,22,0
5,6,23,0
5,7,19,0
5,7,20,0
5,7,21,0
5,7,22,0
5,7,23,0
5,8,19,0
5,8,20,0
5,8,21,0
5,8,22,0
5,8,23,0
6,4,19,0
6,4,20,0
6,4,21,0
6,4,22,0
6,4,23,0
6,5,19,0
6,5,20,0
6,5,21,0
6,5,22,0
6,5,23,0
6,6,19,0
6,6,20,0
6,6,21,0
6,6,22,0
6,6,23,0
6,7,19,0
6,7,20,0
6,7,21,0
6,7,22,0
6,7,23,0
6,8,19,0
6,8,20,0
6,8,21,0
6,8,22,0
6,8,23,0
7,4,19,0
7,4,20,0
7,4,21,0
7,4,22,0
7,4,23,0
7,5,19,0
7,5,20,0
7,5,21,0
7,5,22,0
7,5,23,0
7,6,19,0
7,6,20,0
7,6,21,0
7,6,22,0
7,6,23,0
7,7,19,0
7,7,20,0
7,7,21,0
7,7,22,0
7,7,23,0
7,8,19,0
7,8,20,0
7,8,21,0
7,8,22,0
7,8,23,0
8,4,19,0
8,4,20,0
8,4,21,0
8,4,22,0
8,4,23,0
8,5,19,0
8,5,20,0
8,5,21,0
8,5,22,0
8,5,23,0
8,6,19,0
8,6,20,0
8,6,21,0
8,6,22,0
8,6,23,0
8,7,19,0
8,7,20,0
8,7,21,0
8,7,22,0
8,7,23,0
8,8,19,0
8,8,20,0
8,8,21,0
8,8,22,0
8,8,23,0
0,3,19,0
0,3,20,0
0,3,21,0
0,3,22,0
0,3,23,0
0,4,19,0
0,4,20,0
0,4,21,0
0,4,22,0
0,4,23,0
0,5,19,0
0,5,20,0
0,5,21,0
0,5,22,0
0,5,23,0
0,6,19,0
0,6,20,0
0,6,21,0
0,6,22,0
0,6,23,0
0,7,19,0
0,7,20,0
0,7,21,0
0,7,22,0
0,7,23,0
1,3,19,0
1,3,20,0
1,3,21,0
1,3,22,0
1,3,23,0
1,4,19,0
1,4,20,0
1,4,21,0
1,4,22,0
1,4,23,0
1,5,19,0
1,5,20,0
1,5,21,0
1,5,22,0
1,5,23,0
1,6,19,0
1,6,20,0
1,6,21,0
1,6,22,0
1,6,23,0
1,7,19,0
1,7,20,0
1,7,21,0
1,7,22,0
1,7,23,0
2,3,19,0
2,3,20,0
2,3,21,0
2,3,22,0
2,3,23,0
2,4,19,0
2,4,20,0
2,4,21,0
2,4,22,0
2,4,23,0
2,5,19,0
2,5,20,0
2,5,21,0
2,5,22,0
2,5,23,0
2,6,19,0
2,6,20,0
2,6,21,0
2,6,22,0
2,6,23,0
2,7,19,0
2,7,20,0
2,7,21,0
2,7,22,0
2,7,23,0
3,3,19,0
3,3,20,0
3,3,21,0
3,3,22,0
3,3,23,0
3,4,19,0
3,4,20,0
3,4,21,0
3,4,22,0
3,4,23,0
3,5,19,0
3,5,20,0
3,5,21,0
3,5,22,0
3,5,23,0
3,6,19,0
3,6,20,0
3,6,21,0
3,6,22,0
3,6,23,0
3,7,19,0
3,7,20,0
3,7,21,0
3,7,22,0
3,7,23,0
4,3,19,0
4,3,20,0
4,3,21,0
4,3,22,0
4,3,23,0
4,4,19,0
4,4,20,0
4,4,21,0
4,4,22,0
4,4,23,0
4,5,19,0
4,5,20,0
4,5,21,0
4,5,22,0
4,5,23,0
4,6,19,0
4,6,20,0
4,6,21,0
4,6,22,0
4,6,23,0
4,7,19,0
4,7,20,0
4,7,21,0
4,7,22,0
4,7,23,0
-4,2,20,0
-4,2,21,0
-4,2,22,0
-4,2,23,0
-4,2,24,0
-4,3,20,0
-4,3,21,0
-4,3,22,0
-4,3,23,0
-4,3,24,0
-4,4,20,0
-4,4,21,0
-4,4,22,0
-4,4,23,0
-4,4,24,0
-4,5,20,0
-4,5,21,0
-4,5,22,0
-4,5,23,0
-4,5,24,0
-4,6,20,0
-4,6,21,0
-4,6,22,0
-4,6,23,0
-4,6,24,0
-3,2,20,0
-3,2,21,0
-3,2,22,0
-3,2,23,0
-3,2,24,0
-3,3,20,0
-3,3,21,0
-3,3,22,0
-3,3,23,0
-3,3,24,0
-3,4,20,0
-3,4,21,0
-3,4,22,0
-3,4,23,0
-3,4,24,0
-3,5,20,0
-3,5,21,0
-3,5,22,0
-3,5,23,0
-3,5,24,0
-3,6,20,0
-3,6,21,0
-3,6,22,0
-3,6,23,0
-3,6,24,0
-2,2,20,0
-2,2,21,0
-2,2,22,0
-2,2,23,0
-2,2,24,0
-2,3,20,0
-2,3,21,0
-2,3,22,0
-2,3,23,0
-2,3,24,0
-2,4,20,0
-2,4,21,0
-2,4,22,0
-2,4,23,0
-2,4,24,0
-2,5,20,0
-2,5,21,0
-2,5,22,0
-2,5,23,0
-2,5,24,0
-2,6,20,0
-2,6,21,0
-2,6,22,0
-2,6,23,0
-2,6,24,0
-1,2,20,0
-1,2,21,0
-1,2,22,0
-1,2,23,0
-1,2,24,0
-1,3,20,0
-1,3,21,0
-1,3,22,0
-1,3,23,0
-1,3,24,0
-1,4,20,0
-1,4,21,0
-1,4,22,0
-1,4,23,0
-1,4,24,0
-1,5,20,0
-1,5,21,0
-1,5,22,0
-1,5,23,0
-1,5,24,0
-1,6,20,0
-1,6,21,0
-1,6,22,0
-1,6,23,0
-1,6,24,0
0,2,20,0
0,2,21,0
0,2,22,0
0,2,23,0
0,2,24,0
0,3,20,0
0,3,21,0
0,3,22,0
0,3,23,0
0,3,24,0
0,4,20,0
0,4,21,0
0,4,22,0
0,4,23,0
0,4,24,0
0,5,20,0
0,5,21,0
0,5,22,0
0,5,23,0
0,5,24,0
0,6,20,0
0,6,21,0
0,6,22,0
0,6,23,0
0,6,24,0
-8,3,20,0
-8,3,21,0
-8,3,22,0
-8,3,23,0
-8,3,24,0
-8,4,20,0
-8,4,21,0
-8,4,22,0
-8,4,23,0
-8,4,24,0
-8,5,20,0
-8,5,21,0
-8,5,22,0
-8,5,23,0
-8,5,24,0
-8,6,20,0
-8,6,21,0
-8,6,22,0
-8,6,23,0
-8,6,24,0
-8,7,20,0
-8,7,21,0
-8,7,22,0
-8,7,23,0
-8,7,24,0
-7,3,20,0
-7,3,21,0
-7,3,22,0
-7,3,23,0
-7,3,24,0
-7,4,20,0
-7,4,21,0
-7,4,22,0
-7,4,23,0
-7,4,24,0
-7,5,20,0
-7,5,21,0
-7,5,22,0
-7,5,23,0
-7,5,24,0
-7,6,20,0
-7,6,21,0
-7,6,22,0
-7,6,23,0
-7,6,24,0
-7,7,20,0
-7,7,21,0
-7,7,22,0
-7,7,23,0
-7,7,24,0
-6,3,20,0
-6,3,21,0
-6,3,22,0
-6,3,23,0
-6,3,24,0
-6,4,20,0
-6,4,21,0
-6,4,22,0
-6,4,23,0
-6,4,24,0
-6,5,20,0
-6,5,21,0
-6,5,22,0
-6,5,23,0
-6,5,24,0
-6,6,20,0
-6,6,21,0
-6,6,22,0
-6,6,23,0
-6,6,24,0
-6,7,20,0
-6,7,21,0
-6,7,22,0
-6,7,23,0
-6,7,24,0
-5,3,20,0
-5,3,21,0
-5,3,22,0
-5,3,23,0
-5,3,24,0
-5,4,20,0
-5,4,21,0
-5,4,22,0
-5,4,23,0
-5,4,24,0
-5,5,20,0
-5,5,21,0
-5,5,22,0
-5,5,23,0
-5,5,24,0
-5,6,20,0
-5,6,21,0
-5,6,22,0
-5,6,23,0
-5,6,24,0
-5,7,20,0
-5,7,21,0
-5,7,22,0
-5,7,23,0
-5,7,24,0
-4,3,20,0
-4,3,21,0
-4,3,22,0
-4,3,23,0
-4,3,24,0
-4,4,20,0
-4,4,21,0
-4,4,22,0
-4,4,23,0
-4,4,24,0
-4,5,20,0
-4,5,21,0
-4,5,22,0
-4,5,23,0
-4,5,24,0
-4,6,20,0
-4,6,21,0
-4,6,22,0
-4,6,23,0
-4,6,24,0
-4,7,20,0
-4,7,21,0
-4,7,22,0
-4,7,23,0
-4,7,24,0
-11,3,20,0
-11,3,21,0
-11,3,22,0
-11,3,23,0
-11,3,24,0
-11,4,20,0
-11,4,21,0
-11,4,22,0
-11,4,23,0
-11,4,24,0
-11,5,20,0
-11,5,21,0
-11,5,22,0
-11,5,23,0
-11,5,24,0
-11,6,20,0
-11,6,21,0
-11,6,22,0
-11,6,23,0
-11,6,24,0
-11,7,20,0
-11,7,21,0
-11,7,22,0
-11,7,23,0
-11,7,24,0
-10,3,20,0
-10,3,21,0
-10,3,22,0
-10,3,23,0
-10,3,24,0
-10,4,20,0
-10,4,21,0
-10,4,22,0
-10,4,23,0
-10,4,24,0
-10,5,20,0
-10,5,21,0
-10,5,22,0
-10,5,23,0
-10,5,24,0
-10,6,20,0
-10,6,21,0
-10,6,22,0
-10,6,23,0
-10,6,24,0
-10,7,20,0
-10,7,21,0
-10,7,22,0
-10,7,23,0
-10,7,24,0
-9,3,20,0
-9,3,21,0
-9,3,22,0
-9,3,23,0
-9,3,24,0
-9,4,20,0
-9,4,21,0
-9,4,22,0
-9,4,23,0
-9,4,24,0
-9,5,20,0
-9,5,21,0
-9,5,22,0
-9,5,23,0
-9,5,24,0
-9,6,20,0
-9,6,21,0
-9,6,22,0
-9,6,23,0
-9,6,24,0
-9,7,20,0
-9,7,21,0
-9,7,22,0
-9,7,23,0
-9,7,24,0
-8,3,20,0
-8,3,21,0
-8,3,22,0
-8,3,23,0
-8,3,24,0
-8,4,20,0
-8,4,21,0
-8,4,22,0
-8,4,23,0
-8,4,24,0
-8,5,20,0
-8,5,21,0
-8,5,22,0
-8,5,23,0
-8,5,24,0
-8,6,20,0
-8,6,21,0
-8,6,22,0
-8,6,23,0
-8,6,24,0
-8,7,20,0
-8,7,21,0
-8,7,22,0
-8,7,23,0
-8,7,24,0
-7,3,20,0
-7,3,21,0
-7,3,22,0
-7,3,23,0
-7,3,24,0
-7,4,20,0
-7,4,21,0
-7,4,22,0
-7,4,23,0
-7,4,24,0
-7,5,20,0
-7,5,21,0
-7,5,22,0
-7,5,23,0
-7,5,24,0
-7,6,20,0
-7,6,21,0
-7,6,22,0
-7,6,23,0
-7,6,24,0
-7,7,20,0
-7,7,21,0
-7,7,22,0
-7,7,23,0
-7,7,24,0
-15,3,21,0
-15,3,22,0
-15,3,23,0
-15,3,24,0
-15,3,25,0
-15,4,21,0
-15,4,22,0
-15,4,23,0
-15,4,24,0
-15,4,25,0
-15,5,21,0
-15,5,22,0
-15,5,23,0
-15,5,24,0
-15,5,25,0
-15,6,21,0
-15,6,22,0
-15,6,23,0
-15,6,24,0
-15,6,25,0
-15,7,21,0
-15,7,22,0
-15,7,23,0
-15,7,24,0
-15,7,25,0
-14,3,21,0
-14,3,22,0
-14,3,23,0
-14,3,24,0
-14,3,25,0
-14,4,21,0
-14,4,22,0
-14,4,23,0
-14,4,24,0
-14,4,25,0
-14,5,21,0
-14,5,22,0
-14,5,23,0
-14,5,24,0
-14,5,25,0
-14,6,21,0
-14,6,22,0
-14,6,23,0
-14,6,24,0
-14,6,25,0
-14,7,21,0
-14,7,22,0
-14,7,23,0
-14,7,24,0
-14,7,25,0
-13,3,21,0
-13,3,22,0
-13,3,23,0
-13,3,24,0
-13,3,25,0
-13,4,21,0
-13,4,22,0
-13,4,23,0
-13,4,24,0
-13,4,25,0
-13,5,21,0
-13,5,22,0
-13,5,23,0
-13,5,24,0
-13,5,25,0
-13,6,21,0
-13,6,22,0
-13,6,23,0
-13,6,24,0
-13,6,25,0
-13,7,21,0
-13,7,22,0
-13,7,23,0
-13,7,24,0
-13,7,25,0
-12,3,21,0
-12,3,22,0
-12,3,23,0
-12,3,24,0
-12,3,25,0
-12,4,21,0
-12,4,22,0
-12,4,23,0
-12,4,24,0
-12,4,25,0
-12,5,21,0
-12,5,22,0
-12,5,23,0
-12,5,24,0
-12,5,25,0
-12,6,21,0
-12,6,22,0
-12,6,23,0
-12,6,24,0
-12,6,25,0
-12,7,21,0
-12,7,22,0
-12,7,23,0
-12,7,24,0
-12,7,25,0
-11,3,21,0
-11,3,22,0
-11,3,23,0
-11,3,24,0
-11,3,25,0
-11,4,21,0
-11,4,22,0
-11,4,23,0
-11,4,24,0
-11,4,25,0
-11,5,21,0
-11,5,22,0
-11,5,23,0
-11,5,24,0
-11,5,25,0
-11,6,21,0
-11,6,22,0
-11,6,23,0
-11,6,24,0
-11,6,25,0
-11,7,21,0
-11,7,22,0
-11,7,23,0
-11,7,24,0
-11,7,25,0
-19,4,21,0
-19,4,22,0
-19,4,23,0
-19,4,24,0
-19,4,25,0
-19,5,21,0
-19,5,22,0
-19,5,23,0
-19,5,24,0
-19,5,25,0
-19,6,21,0
-19,6,22,0
-19,6,23,0
-19,6,24,0
-19,6,25,0
-19,7,21,0
-19,7,22,0
-19,7,23,0
-19,7,24,0
-19,7,25,0
-19,8,21,0
-19,8,22,0
-19,8,23,0
-19,8,24,0
-19,8,25,0
-18,4,21,0
-18,4,22,0
-18,4,23,0
-18,4,24,0
-18,4,25,0
-18,5,21,0
-18,5,22,0
-18,5,23,0
-18,5,24,0
-18,5,25,0
-18,6,21,0
-18,6,22,0
-18,6,23,0
-18,6,24,0
-18,6,25,0
-18,7,21,0
-18,7,22,0
-18,7,23,0
-18,7,24,0
-18,7,25,0
-18,8,21,0
-18,8,22,0
-18,8,23,0
-18,8,24,0
-18,8,25,0
-17,4,21,0
-17,4,22,0
-17,4,23,0
-17,4,24,0
-17,4,25,0
-17,5,21,0
-17,5,22,0
-17,5,23,0
-17,5,24,0
-17,5,25,0
-17,6,21,0
-17,6,22,0
-17,6,23,0
-17,6,24,0
-17,6,25,0
-17,7,21,0
-17,7,22,0
-17,7,23,0
-17,7,24,0
-17,7,25,0
-17,8,21,0
-17,8,22,0
-17,8,23,0
-17,8,24,0
-17,8,25,0
-16,4,21,0
-16,4,22,0
-16,4,23,0
-16,4,24,0
-16,4,25,0
-16,5,21,0
-16,5,22,0
-16,5,23,0
-16,5,24,0
-16,5,25,0
-16,6,21,0
-16,6,22,0
-16,6,23,0
-16,6,24,0
-16,6,25,0
-16,7,21,0
-16,7,22,0
-16,7,23,0
-16,7,24,0
-16,7,25,0
-16,8,21,0
-16,8,22,0
-16,8,23,0
-16,8,24,0
-16,8,25,0
-15,4,21,0
-15,4,22,0
-15,4,23,0
-15,4,24,0
-15,4,25,0
-15,5,21,0
-15,5,22,0
-15,5,23,0
-15,5,24,0
-15,5,25,0
-15,6,21,0
-15,6,22,0
-15,6,23,0
-15,6,24,0
-15,6,25,0
-15,7,21,0
-15,7,22,0
-15,7,23,0
-15,7,24,0
-15,7,25,0
-15,8,21,0
-15,8,22,0
-15,8,23,0
-15,8,24,0
-15,8,25,0
-20,7,21,0
-20,7,22,0
-20,7,23,0
-20,7,24,0
-20,7,25,0
-20,8,21,0
-20,8,22,0
-20,8,23,0
-20,8,24,0
-20,8,25,0
-20,9,21,0
-20,9,22,0
-20,9,23,0
-20,9,24,0
-20,9,25,0
-20,10,21,0
-20,10,22,0
-20,10,23,0
-20,10,24,0
-20,10,25,0
-20,11,21,0
-20,11,22,0
-20,11,23,0
-20,11,24,0
-20,11,25,0
-19,7,21,0
-19,7,22,0
-19,7,23,0
-19,7,24,0
-19,7,25,0
-19,8,21,0
-19,8,22,0
-19,8,23,0
-19,8,24,0
-19,8,25,0
-19,9,21,0
-19,9,22,0
-19,9,23,0
-19,9,24,0
-19,9,25,0
-19,10,21,0
-19,10,22,0
-19,10,23,0
-19,10,24,0
-19,10,25,0
-19,11,21,0
-19,11,22,0
-19,11,23,0
-19,11,24,0
-19,11,25,0
-18,7,21,0
-18,7,22,0
-18,7,23,0
-18,7,24,0
-18,7,25,0
-18,8,21,0
-18,8,22,0
-18,8,23,0
-18,8,24,0
-18,8,25,0
-18,9,21,0
-18,9,22,0
-18,9,23,0
-18,9,24,0
-18,9,25,0
-18,10,21,0
-18,10,22,0
-18,10,23,0
-18,10,24,0
-18,10,25,0
-18,11,21,0
-18,11,22,0
-18,11,23,0
-18,11,24,0
-18,11,25,0
-17,7,21,0
-17,7,22,0
-17,7,23,0
-17,7,24,0
-17,7,25,0
-17,8,21,0
-17,8,22,0
-17,8,23,0
-17,8,24,0
-17,8,25,0
-17,9,21,0
-17,9,22,0
-17,9,23,0
-17,9,24,0
-17,9,25,0
-17,10,21,0
-17,10,22,0
-17,10,23,0
-17,10,24,0
-17,10,25,0
-17,11,21,0
-17,11,22,0
-17,11,23,0
-17,11,24,0
-17,11,25,0
-16,7,21,0
-16,7,22,0
-16,7,23,0
-16,7,24,0
-16,7,25,0
-16,8,21,0
-16,8,22,0
-16,8,23,0
-16,8,24,0
-16,8,25,0
-16,9,21,0
-16,9,22,0
-16,9,23,0
-16,9,24,0
-16,9,25,0
-16,10,21,0
-16,10,22,0
-16,10,23,0
-16,10,24,0
-16,10,25,0
-16,11,21,0
-16,11,22,0
-16,11,23,0
-16,11,24,0
-16,11,25,0
-20,10,21,0
-20,10,22,0
-20,10,23,0
-20,10,24,0
-20,10,25,0
-20,11,21,0
-20,11,22,0
-20,11,23,0
-20,11,24,0
-20,11,25,0
-20,12,21,0
-20,12,22,0
-20,12,23,0
-20,12,24,0
-20,12,25,0
-20,13,21,0
-20,13,22,0
-20,13,23,0
-20,13,24,0
-20,13,25,0
-20,14,21,0
-20,14,22,0
-20,14,23,0
-20,14,24,0
-20,14,25,0
-19,10,21,0
-19,10,22,0
-19,10,23,0
-19,10,24,0
-19,10,25,0
-19,11,21,0
-19,11,22,0
-19,11,23,0
-19,11,24,0
-19,11,25,0
-19,12,21,0
-19,12,22,0
-19,12,23,0
-19,12,24,0
-19,12,25,0
-19,13,21,0
-19,13,22,0
-19,13,23,0
-19,13,24,0
-19,13,25,0
-19,14,21,0
-19,14,22,0
-19,14,23,0
-19,14,24,0
-19,14,25,0
-18,10,21,0
-18,10,22,0
-18,10,23,0
-18,10,24,0
-18,10,25,0
-18,11,21,0
-18,11,22,0
-18,11,23,0
-18,11,24,0
-18,11,25,0
-18,12,21,0
-18,12,22,0
-18,12,23,0
-18,12,24,0
-18,12,25,0
-18,13,21,0
-18,13,22,0
-18,13,23,0
-18,13,24,0
-18,13,25,0
-18,14,21,0
-18,14,22,0
-18,14,23,0
-18,14,24,0
-18,14,25,0
-17,10,21,0
-17,10,22,0
-17,10,23,0
-17,10,24,0
-17,10,25,0
-17,11,21,0
-17,11,22,0
-17,11,23,0
-17,11,24,0
-17,11,25,0
-17,12,21,0
-17,12,22,0
-17,12,23,0
-17,12,24,0
-17,12,25,0
-17,13,21,0
-17,13,22,0
-17,13,23,0
-17,13,24,0
-17,13,25,0
-17,14,21,0
-17,14,22,0
-17,14,23,0
-17,14,24,0
-17,14,25,0
-16,10,21,0
-16,10,22,0
-16,10,23,0
-16,10,24,0
-16,10,25,0
-16,11,21,0
-16,11,22,0
-16,11,23,0
-16,11,24,0
-16,11,25,0
-16,12,21,0
-16,12,22,0
-16,12,23,0
-16,12,24,0
-16,12,25,0
-16,13,21,0
-16,13,22,0
-16,13,23,0
-16,13,24,0
-16,13,25,0
-16,14,21,0
-16,14,22,0
-16,14,23,0
-16,14,24,0
-16,14,25,0
-19,13,19,0
-19,13,20,0
-19,13,21,0
-19,13,22,0
-19,13,23,0
-19,14,19,0
-19,14,20,0
-19,14,21,0
-19,14,22,0
-19,14,23,0
-19,15,19,0
-19,15,20,0
-19,15,21,0
-19,15,22,0
-19,15,23,0
-19,16,19,0
-19,16,20,0
-19,16,21,0
-19,16,22,0
-19,16,23,0
-19,17,19,0
-19,17,20,0
-19,17,21,0
-19,17,22,0
-19,17,23,0
-18,13,19,0
-18,13,20,0
-18,13,21,0
-18,13,22,0
-18,13,23,0
-18,14,19,0
-18,14,20,0
-18,14,21,0
-18,14,22,0
-18,14,23,0
-18,15,19,0
-18,15,20,0
-18,15,21,0
-18,15,22,0
-18,15,23,0
-18,16,19,0
-18,16,20,0
-18,16,21,0
-18,16,22,0
-18,16,23,0
-18,17,19,0
-18,17,20,0
-18,17,21,0
-18,17,22,0
-18,17,23,0
-17,13,19,0
-17,13,20,0
-17,13,21,0
-17,13,22,0
-17,13,23,0
-17,14,19,0
-17,14,20,0
-17,14,21,0
-17,14,22,0
-17,14,23,0
-17,15,19,0
-17,15,20,0
-17,15,21,0
-17,15,22,0
-17,15,23,0
-17,16,19,0
-17,16,20,0
-17,16,21,0
-17,16,22,0
-17,16,23,0
-17,17,19,0
-17,17,20,0
-17,17,21,0
-17,17,22,0
-17,17,23,0
-16,13,19,0
-16,13,20,0
-16,13,21,0
-16,13,22,0
-16,13,23,0
-16,14,19,0
-16,14,20,0
-16,14,21,0
-16,14,22,0
-16,14,23,0
-16,15,19,0
-16,15,20,0
-16,15,21,0
-16,15,22,0
-16,15,23,0
-16,16,19,0
-16,16,20,0
-16,16,21,0
-16,16,22,0
-16,16,23,0
-16,17,19,0
-16,17,20,0
-16,17,21,0
-16,17,22,0
-16,17,23,0
-15,13,19,0
-15,13,20,0
-15,13,21,0
-15,13,22,0
-15,13,23,0
-15,14,19,0
-15,14,20,0
-15,14,21,0
-15,14,22,0
-15,14,23,0
-15,15,19,0
-15,15,20,0
-15,15,21,0
-15,15,22,0
-15,15,23,0
-15,16,19,0
-15,16,20,0
-15,16,21,0
-15,16,22,0
-15,16,23,0
-15,17,19,0
-15,17,20,0
-15,17,21,0
-15,17,22,0
-15,17,23,0
-37,10,20,0
-38,9,19,0
-38,9,20,0
-38,10,19,0
-38,10,20,0
-38,11,19,0
-38,11,20,0
-37,9,19,0
-37,9,20,0
-37,10,19,0
-37,11,19,0
-37,11,20,0
-36,9,19,0
-36,9,20,0
-36,10,19,0
-36,10,20,0
-36,11,19,0
-36,11,20,0
-39,8,18,0
-39,8,19,0
-39,8,20,0
-39,9,18,0
-39,9,19,0
-39,9,20,0
-39,10,18,0
-39,10,19,0
-39,10,20,0
-38,8,18,0
-38,8,19,0
-38,8,20,0
-38,9,18,0
-38,10,18,0
-37,8,18,0
-37,8,19,0
-37,8,20,0
-37,9,18,0
-37,10,18,0
-39,11,18,0
-39,11,19,0
-39,11,20,0
-38,11,18,0
-37,11,18,0
-39,12,18,0
-39,12,19,0
-39,12,20,0
-38,12,18,0
-38,12,19,0
-38,12,20,0
-37,12,18,0
-37,12,19,0
-37,12,20,0
-36,8,18,0
-36,8,19,0
-36,8,20,0
-36,9,18,0
-36,10,18,0
-36,11,18,0
-36,12,18,0
-36,12,19,0
-36,12,20,0
-35,8,18,0
-35,8,19,0
-35,8,20,0
-35,9,18,0
-44,5,20,0
-45,4,19,0
-45,4,20,0
-45,5,19,0
-45,5,20,0
-45,6,19,0
-45,6,20,0
-44,4,19,0
-44,4,20,0
-44,5,19,0
-44,6,19,0
-44,6,20,0
-43,4,19,0
-43,4,20,0
-43,5,19,0
-43,5,20,0
-43,6,19,0
-43,6,20,0
-46,3,18,0
-46,3,19,0
-46,3,20,0
-46,4,18,0
-46,4,19,0
-46,4,20,0
-46,5,18,0
-46,5,19,0
-46,5,20,0
-45,3,18,0
-45,3,19,0
-45,3,20,0
-45,4,18,0
-45,5,18,0
-44,3,18,0
-44,3,19,0
-44,3,20,0
-44,4,18,0
-44,5,18,0
-46,6,18,0
-46,6,19,0
-46,6,20,0
-45,6,18,0
-44,6,18,0
-46,7,18,0
-46,7,19,0
-46,7,20,0
-45,7,18,0
-45,7,19,0
-45,7,20,0
-44,7,18,0
-44,7,19,0
-44,7,20,0
-43,3,18,0
-43,3,19,0
-43,3,20,0
-43,4,18,0
-43,5,18,0
-43,6,18,0
-43,7,18,0
-43,7,19,0
-43,7,20,0
-42,3,18,0
-42,3,19,0
-42,3,20,0
-42,4,18,0
-42,7,20,0
-43,8,19,0
-43,8,20,0
-42,6,19,0
-42,6,20,0
-42,7,19,0
-42,8,19,0
-42,8,20,0
-41,6,19,0
-41,6,20,0
-41,7,19,0
-41,7,20,0
-41,8,19,0
-41,8,20,0
-44,8,18,0
-44,8,19,0
-44,8,20,0
-44,9,18,0
-44,9,19,0
-44,9,20,0
-43,8,18,0
-43,9,18,0
-43,9,19,0
-43,9,20,0
-42,7,18,0
-42,8,18,0
-42,9,18,0
-42,9,19,0
-42,9,20,0
-42,5,18,0
-42,5,19,0
-42,5,20,0
-42,6,18,0
-41,5,18,0
-41,5,19,0
-41,5,20,0
-41,6,18,0
-41,7,18,0
-41,8,18,0
-41,9,18,0
-41,9,19,0
-41,9,20,0
-40,5,18,0
-40,5,19,0
-40,5,20,0
-40,6,18,0
-40,6,19,0
-40,6,20,0
-40,7,18,0
-40,7,19,0
-40,7,20,0
-40,8,18,0
-40,8,19,0
-40,8,20,0
-40,9,18,0
-40,9,19,0
-40,9,20,0
-45,7,17,0
-45,8,17,0
-45,8,18,0
-45,8,19,0
-45,9,17,0
-45,9,18,0
-45,9,19,0
-43,14,20,0
-44,13,19,0
-44,13,20,0
-44,14,19,0
-44,14,20,0
-44,15,19,0
-44,15,20,0
-43,13,19,0
-43,13,20,0
-43,14,19,0
-43,15,19,0
-43,15,20,0
-42,13,19,0
-42,13,20,0
-42,14,19,0
-42,14,20,0
-42,15,19,0
-42,15,20,0
-45,12,18,0
-45,12,19,0
-45,12,20,0
-45,13,18,0
-45,13,19,0
-45,13,20,0
-45,14,18,0
-45,14,19,0
-45,14,20,0
-44,12,18,0
-44,12,19,0
-44,12,20,0
-44,13,18,0
-44,14,18,0
-43,12,18,0
-43,12,19,0
-43,12,20,0
-43,13,18,0
-43,14,18,0
-45,15,18,0
-45,15,19,0
-45,15,20,0
-44,15,18,0
-43,15,18,0
-45,16,19,0
-45,16,20,0
-44,16,18,0
-44,16,19,0
-44,16,20,0
-43,16,18,0
-43,16,19,0
-43,16,20,0
-42,12,18,0
-42,12,19,0
-42,12,20,0
-42,13,18,0
-42,14,18,0
-42,15,18,0
-42,16,18,0
-42,16,19,0
-42,16,20,0
-41,12,18,0
-41,12,19,0
-41,12,20,0
-41,13,18,0
-41,13,19,0
-44,12,17,0
-45,11,17,0
-45,11,18,0
-45,12,17,0
-45,13,17,0
-44,11,17,0
-44,11,18,0
-43,11,18,0
-46,10,17,0
-46,10,18,0
-46,11,17,0
-46,11,18,0
-46,12,17,0
-46,12,18,0
-45,10,17,0
-45,10,18,0
-44,10,17,0
-44,10,18,0
-46,10,19,0
-46,11,19,0
-46,12,19,0
-45,10,19,0
-45,11,19,0
-44,10,19,0
-44,11,19,0
-46,13,17,0
-46,13,18,0
-46,14,18,0
-43,10,17,0
-43,10,18,0
-43,10,19,0
-43,11,19,0
-42,10,18,0
-42,10,19,0
-42,11,18,0
-42,11,19,0
-47,9,16,0
-47,9,17,0
-47,9,18,0
-47,10,16,0
-47,10,17,0
-47,10,18,0
-47,11,17,0
-47,11,18,0
-46,9,17,0
-46,9,18,0
-47,9,19,0
-47,10,19,0
-47,11,19,0
-46,9,19,0
-47,12,17,0
-47,12,18,0
-47,12,19,0
-47,13,17,0
-47,13,18,0
-47,13,19,0
-46,13,19,0
-44,9,17,0
-43,9,17,0
-47,9,20,0
-47,10,20,0
-47,11,20,0
-46,9,20,0
-46,10,20,0
-44,11,20,0
-45,10,20,0
-45,11,20,0
-44,10,20,0
-43,10,20,0
-43,11,20,0
-46,11,20,0
-45,9,20,0
-46,12,20,0
-42,10,20,0
-42,11,20,0
-47,12,20,0
-46,8,19,0
-46,8,20,0
-45,8,20,0
-47,13,20,0
-46,13,20,0
-41,10,19,0
-41,10,20,0
-41,11,19,0
-41,11,20,0
-48,11,19,0
-48,11,20,0
-48,12,19,0
-48,12,20,0
-48,13,19,0
-48,13,20,0
-47,7,18,0
-47,7,19,0
-47,7,20,0
-47,8,18,0
-47,8,19,0
-47,8,20,0
-46,8,18,0
-48,14,19,0
-48,14,20,0
-47,14,19,0
-47,14,20,0
-46,14,19,0
-46,14,20,0
-41,10,18,0
-41,11,18,0
-40,10,18,0
-40,10,19,0
-40,10,20,0
-40,11,18,0
-40,11,19,0
-40,11,20,0
-40,12,18,0
-40,12,19,0
-40,12,20,0
-49,10,18,0
-49,10,19,0
-49,10,20,0
-49,11,18,0
-49,11,19,0
-49,11,20,0
-49,12,18,0
-49,12,19,0
-49,12,20,0
-48,10,18,0
-48,10,19,0
-48,10,20,0
-48,11,18,0
-44,8,17,0
-44,7,17,0
-45,6,17,0
-46,6,17,0
-46,7,17,0
-47,5,17,0
-47,5,18,0
-47,6,17,0
-47,6,18,0
-47,7,17,0
-47,8,17,0
-46,8,17,0
-48,4,18,0
-48,5,17,0
-48,5,18,0
-48,6,17,0
-48,6,18,0
-47,4,18,0
-48,4,19,0
-48,5,19,0
-48,6,19,0
-47,4,19,0
-47,5,19,0
-47,6,19,0
-48,7,17,0
-48,7,18,0
-48,7,19,0
-48,8,16,0
-48,8,17,0
-48,8,18,0
-48,9,16,0
-48,9,17,0
-48,9,18,0
-49,3,18,0
-49,3,19,0
-49,4,18,0
-49,4,19,0
-49,5,17,0
-49,5,18,0
-49,5,19,0
-48,3,18,0
-48,3,19,0
-47,3,18,0
-47,3,19,0
-49,6,17,0
-49,6,18,0
-49,6,19,0
-49,7,16,0
-49,7,17,0
-49,7,18,0
-49,7,19,0
-49,3,20,0
-49,4,20,0
-49,5,20,0
-48,3,20,0
-48,4,20,0
-48,5,20,0
-47,3,20,0
-47,4,20,0
-47,5,20,0
-49,6,20,0
-48,6,20,0
-47,6,20,0
-49,7,20,0
-44,6,17,0
-45,5,17,0
-45,6,16,0
-45,7,16,0
-44,5,17,0
-44,7,16,0
-43,5,17,0
-43,6,17,0
-43,7,17,0
-46,4,17,0
-46,5,17,0
-46,6,16,0
-45,4,17,0
-44,4,17,0
-46,7,16,0
-46,8,16,0
-45,8,16,0
-44,8,16,0
-43,4,17,0
-43,8,17,0
-42,4,17,0
-42,5,17,0
-42,6,17,0
-42,7,17,0
-42,8,17,0
-47,3,17,0
-47,4,17,0
-47,5,16,0
-46,3,17,0
-45,3,17,0
-47,6,16,0
-47,7,16,0
-44,3,17,0
-43,3,17,0
-47,8,16,0
-47,9,15,0
-46,9,16,0
-45,9,16,0
-44,9,16,0
-43,9,16,0
-42,3,17,0
-42,9,17,0
-41,3,17,0
-41,4,17,0
-41,5,17,0
-41,6,17,0
-41,7,17,0
-41,8,17,0
-41,9,17,0
-48,2,18,0
-48,3,17,0
-48,4,17,0
-47,2,17,0
-46,2,17,0
-48,5,16,0
-48,6,16,0
-45,2,17,0
-44,2,17,0
-48,7,16,0
-48,8,15,0
-43,2,17,0
-42,2,17,0
-48,9,15,0
-48,10,15,0
-41,11,17,0
-42,10,17,0
-42,11,17,0
-42,12,17,0
-41,10,17,0
-41,12,17,0
-40,10,17,0
-40,11,17,0
-40,12,17,0
-43,10,16,0
-43,11,17,0
-43,12,17,0
-43,13,17,0
-42,13,17,0
-41,13,17,0
-40,9,17,0
-40,13,16,0
-39,9,17,0
-39,10,17,0
-39,11,16,0
-39,12,16,0
-39,13,16,0
-44,10,16,0
-44,11,16,0
-44,12,16,0
-44,13,17,0
-44,14,17,0
-43,14,17,0
-42,14,17,0
-41,14,17,0
-40,14,16,0
-40,8,17,0
-39,8,17,0
-39,14,16,0
-38,8,17,0
-38,9,16,0
-38,10,16,0
-38,11,16,0
-38,12,16,0
-38,13,16,0
-38,14,16,0
-45,10,16,0
-45,11,16,0
-45,12,16,0
-45,13,16,0
-45,14,17,0
-45,15,17,0
-44,15,17,0
-43,15,17,0
-42,15,17,0
-41,15,17,0
-40,15,16,0
-39,15,16,0
-40,7,17,0
-39,7,17,0
-38,7,17,0
-38,15,15,0
-37,7,16,0
-37,8,16,0
-37,9,16,0
-37,10,16,0
-37,11,16,0
-37,12,16,0
-37,13,15,0
-43,16,17,0
-44,16,17,0
-44,17,18,0
-43,17,18,0
-42,16,17,0
-42,17,17,0
-45,16,18,0
-45,17,18,0
-45,18,18,0
-44,18,18,0
-43,18,18,0
-42,18,17,0
-41,16,17,0
-41,17,17,0
-41,18,17,0
-46,15,17,0
-46,16,18,0
-46,17,18,0
-46,18,19,0
-46,19,19,0
-45,19,19,0
-44,19,18,0
-43,19,18,0
-42,19,17,0
-41,19,17,0
-40,16,16,0
-40,17,16,0
-40,18,16,0
-40,19,17,0
-47,14,17,0
-47,15,17,0
-47,16,18,0
-46,14,17,0
-47,17,18,0
-47,18,19,0
-47,19,19,0
-47,20,20,0
-46,20,19,0
-45,20,19,0
-44,20,18,0
-43,20,18,0
-42,20,17,0
-41,20,17,0
-40,20,17,0
-39,16,16,0
-39,17,16,0
-39,18,16,0
-39,19,16,0
-39,20,16,0
-48,13,16,0
-48,14,17,0
-48,15,17,0
-47,13,16,0
-46,13,16,0
-48,16,18,0
-48,17,19,0
-48,18,19,0
-48,19,20,0
-48,20,20,0
-48,21,20,0
-47,21,20,0
-46,21,19,0
-45,21,19,0
-44,21,18,0
-43,21,18,0
-44,22,18,0
-43,22,18,0
-42,21,17,0
-42,22,17,0
-45,22,19,0
-45,23,19,0
-44,23,18,0
-43,23,18,0
-42,23,18,0
-41,21,17,0
-41,22,17,0
-41,23,17,0
-46,22,19,0
-46,23,19,0
-46,24,19,0
-45,24,19,0
-44,24,18,0
-43,24,18,0
-42,24,18,0
-41,24,17,0
-40,21,17,0
-40,22,17,0
-40,23,17,0
-40,24,17,0
-47,22,20,0
-47,23,20,0
-47,24,20,0
-47,25,20,0
-46,25,19,0
-45,25,19,0
-44,25,18,0
-43,25,18,0
-42,25,18,0
-41,25,17,0
-40,25,17,0
-39,21,17,0
-39,22,17,0
-39,23,17,0
-39,24,17,0
-39,25,18,0
-48,22,21,0
-48,23,21,0
-48,24,21,0
-48,25,20,0
-48,26,20,0
-47,26,20,0
-46,26,19,0
-45,26,19,0
-44,26,18,0
-43,26,18,0
-42,26,18,0
-41,26,18,0
-40,26,18,0
-39,26,18,0
-38,20,16,0
-38,21,17,0
-38,22,17,0
-38,23,17,0
-38,24,17,0
-38,25,18,0
-38,26,18,0
-49,21,21,0
-49,22,21,0
-40,5,17,0
-40,4,17,0
-40,6,17,0
-39,4,17,0
-39,5,17,0
-39,6,17,0
-40,3,17,0
-39,3,17,0
-38,3,17,0
-38,4,17,0
-38,5,17,0
-38,6,17,0
-41,2,17,0
-40,2,17,0
-39,2,17,0
-38,2,17,0
-37,2,17,0
-37,3,17,0
-37,4,17,0
-37,5,16,0
-37,6,16,0
-42,1,17,0
-41,1,17,0
-40,1,17,0
-39,1,17,0
-38,1,17,0
-37,1,17,0
-36,1,18,0
-36,2,17,0
-36,3,17,0
-36,4,17,0
-36,5,16,0
-36,6,16,0
-36,7,16,0
-43,0,17,0
-43,1,17,0
-42,0,17,0
-41,0,17,0
-40,0,18,0
-39,0,18,0
-38,0,18,0
-37,0,18,0
-36,0,18,0
-35,0,18,0
-35,1,18,0
-35,2,17,0
-35,3,17,0
-35,4,17,0
-35,5,16,0
-35,6,16,0
-35,7,16,0
-36,8,16,0
-35,8,16,0
-44,-1,18,0
-44,0,17,0
-44,1,17,0
-43,-1,18,0
-42,-1,18,0
-41,-1,18,0
-40,-1,18,0
-39,-1,18,0
-38,-1,18,0
-37,-1,18,0
-36,-1,19,0
-48,1,18,0
-49,0,18,0
-49,1,18,0
-49,2,18,0
-48,0,18,0
-47,0,18,0
-47,1,18,0
-50,-1,18,0
-50,0,18,0
-50,1,18,0
-49,-1,18,0
-48,-1,18,0
-50,2,18,0
-50,3,17,0
-49,3,17,0
-47,-1,18,0
-46,-1,18,0
-46,0,18,0
-46,1,17,0
-51,-2,19,0
-51,-1,18,0
-51,0,18,0
-50,-2,19,0
-49,-2,19,0
-51,1,18,0
-51,2,17,0
-48,-2,18,0
-47,-2,18,0
-51,3,17,0
-51,4,17,0
-50,4,17,0
-49,4,17,0
-46,-2,18,0
-45,-2,18,0
-45,-1,18,0
-45,0,18,0
-45,1,17,0
-52,-3,18,0
-52,-2,18,0
-52,-1,18,0
-51,-3,19,0
-50,-3,19,0
-52,0,18,0
-52,1,18,0
-49,-3,19,0
-48,-3,19,0
-52,2,17,0
-52,3,17,0
-47,-3,18,0
-46,-3,18,0
-52,4,16,0
-52,5,16,0
-51,5,16,0
-50,5,16,0
-49,5,16,0
-45,-3,18,0
-44,-3,18,0
-44,-2,18,0
-53,-4,18,0
-53,-3,18,0
-53,-2,18,0
-52,-4,18,0
-51,-4,19,0
-53,-1,18,0
-46,0,16,0
-46,0,17,0
-46,0,18,0
-46,0,19,0
-46,0,20,0
-46,1,16,0
-46,1,17,0
-46,1,18,0
-46,1,19,0
-46,1,20,0
-46,2,16,0
-46,2,17,0
-46,2,18,0
-46,2,19,0
-46,2,20,0
-46,3,16,0
-46,3,17,0
-46,3,18,0
-46,3,19,0
-46,3,20,0
-46,4,16,0
-46,4,17,0
-46,4,18,0
-46,4,19,0
-46,4,20,0
-45,0,16,0
-45,0,17,0
-45,0,18,0
-45,0,19,0
-45,0,20,0
-45,1,16,0
-45,1,17,0
-45,1,18,0
-45,1,19,0
-45,1,20,0
-45,2,16,0
-45,2,17,0
-45,2,18,0
-45,2,19,0
-45,2,20,0
-45,3,16,0
-45,3,17,0
-45,3,18,0
-45,3,19,0
-45,3,20,0
-45,4,16,0
-45,4,17,0
-45,4,18,0
-45,4,19,0
-45,4,20,0
-44,0,16,0
-44,0,17,0
-44,0,18,0
-44,0,19,0
-44,0,20,0
-44,1,16,0
-44,1,17,0
-44,1,18,0
-44,1,19,0
-44,1,20,0
-44,2,16,0
-44,2,17,0
-44,2,18,0
-44,2,19,0
-44,2,20,0
-44,3,16,0
-44,3,17,0
-44,3,18,0
-44,3,19,0
-44,3,20,0
-44,4,16,0
-44,4,17,0
-44,4,18,0
-44,4,19,0
-44,4,20,0
-43,0,16,0
-43,0,17,0
-43,0,18,0
-43,0,19,0
-43,0,20,0
-43,1,16,0
-43,1,17,0
-43,1,18,0
-43,1,19,0
-43,1,20,0
-43,2,16,0
-43,2,17,0
-43,2,18,0
-43,2,19,0
-43,2,20,0
-43,3,16,0
-43,3,17,0
-43,3,18,0
-43,3,19,0
-43,3,20,0
-43,4,16,0
-43,4,17,0
-43,4,18,0
-43,4,19,0
-43,4,20,0
-42,0,16,0
-42,0,17,0
-42,0,18,0
-42,0,19,0
-42,0,20,0
-42,1,16,0
-42,1,17,0
-42,1,18,0
-42,1,19,0
-42,1,20,0
-42,2,16,0
-42,2,17,0
-42,2,18,0
-42,2,19,0
-42,2,20,0
-42,3,16,0
-42,3,17,0
-42,3,18,0
-42,3,19,0
-42,3,20,0
-42,4,16,0
-42,4,17,0
-42,4,18,0
-42,4,19,0
-42,4,20,0
-6,-2,32,0
-6,-2,33,0
-6,-2,34,0
-6,-2,35,0
-6,-2,36,0
-6,-1,32,0
-6,-1,33,0
-6,-1,34,0
-6,-1,35,0
-6,-1,36,0
-6,0,32,0
-6,0,33,0
-6,0,34,0
-6,0,35,0
-6,0,36,0
-6,1,32,0
-6,1,33,0
-6,1,34,0
-6,1,35,0
-6,1,36,0
-6,2,32,0
-6,2,33,0
-6,2,34,0
-6,2,35,0
-6,2,36,0
-5,-2,32,0
-5,-2,33,0
-5,-2,34,0
-5,-2,35,0
-5,-2,36,0
-5,-1,32,0
-5,-1,33,0
-5,-1,34,0
-5,-1,35,0
-5,-1,36,0
-5,0,32,0
-5,0,33,0
-5,0,34,0
-5,0,35,0
-5,0,36,0
-5,1,32,0
-5,1,33,0
-5,1,34,0
-5,1,35,0
-5,1,36,0
-5,2,32,0
-5,2,33,0
-5,2,34,0
-5,2,35,0
-5,2,36,0
-4,-2,32,0
-4,-2,33,0
-4,-2,34,0
-4,-2,35,0
-4,-2,36,0
-4,-1,32,0
-4,-1,33,0
-4,-1,34,0
-4,-1,35,0
-4,-1,36,0
-4,0,32,0
-4,0,33,0
-4,0,34,0
-4,0,35,0
-4,0,36,0
-4,1,32,0
-4,1,33,0
-4,1,34,0
-4,1,35,0
-4,1,36,0
-4,2,32,0
-4,2,33,0
-4,2,34,0
-4,2,35,0
-4,2,36,0
-3,-2,32,0
-3,-2,33,0
-3,-2,34,0
-3,-2,35,0
-3,-2,36,0
-3,-1,32,0
-3,-1,33,0
-3,-1,34,0
-3,-1,35,0
-3,-1,36,0
-3,0,32,0
-3,0,33,0
-3,0,34,0
-3,0,35,0
-3,0,36,0
-3,1,32,0
-3,1,33,0
-3,1,34,0
-3,1,35,0
-3,1,36,0
-3,2,32,0
-3,2,33,0
-3,2,34,0
-3,2,35,0
-3,2,36,0
-2,-2,32,0
-2,-2,33,0
-2,-2,34,0
-2,-2,35,0
-2,-2,36,0
-2,-1,32,0
-2,-1,33,0
-2,-1,34,0
-2,-1,35,0
-2,-1,36,0
-2,0,32,0
-2,0,33,0
-2,0,34,0
-2,0,35,0
-2,0,36,0
-2,1,32,0
-2,1,33,0
-2,1,34,0
-2,1,35,0
-2,1,36,0
-2,2,32,0
-2,2,33,0
-2,2,34,0
-2,2,35,0
-2,2,36,0
0,0,35,0
-1,-1,34,0
-1,0,34,0
-1,1,34,0
0,-1,35,0
0,1,35,0
1,-1,35,0
1,0,35,0
1,1,35,0
-1,-2,35,0
0,-2,35,0
-1,2,34,0
0,2,34,0
1,-2,35,0
1,2,35,0
2,-2,35,0
2,-1,35,0
2,0,35,0
2,1,35,0
2,2,35,0
-2,-3,35,0
-1,-3,35,0
0,-3,35,0
1,-3,35,0
-2,3,34,0
-1,3,34,0
0,3,34,0
1,3,35,0
2,-3,35,0
2,3,35,0
3,-3,36,0
3,-2,35,0
3,-1,35,0
3,0,35,0
3,2,35,0
3,3,35,0
-3,-4,34,0
-3,-3,34,0
-2,-4,35,0
-1,-4,35,0
0,-4,35,0
1,-4,35,0
2,-4,36,0
-3,3,34,0
-3,4,33,0
-2,4,34,0
-1,4,34,0
0,4,34,0
1,4,35,0
2,4,35,0
3,-4,36,0
3,4,35,0
4,-4,36,0
4,-3,36,0
4,-2,36,0
4,-1,36,0
4,0,36,0
4,1,36,0
4,2,36,0
4,3,36,0
4,4,36,0
-4,-5,34,0
-4,-4,34,0
-4,-3,34,0
9,2,38,0
8,1,37,0
8,2,38,0
8,3,38,0
9,1,37,0
9,3,38,0
10,1,37,0
10,2,38,0
10,3,38,0
7,0,37,0
7,1,37,0
7,2,37,0
8,0,37,0
9,0,37,0
7,3,37,0
7,4,38,0
8,4,38,0
9,4,38,0
10,0,37,0
10,4,39,0
11,0,37,0
11,1,37,0
11,2,38,0
11,3,38,0
11,4,38,0
6,-1,36,0
6,0,37,0
6,1,37,0
7,-1,37,0
8,-1,37,0
6,2,37,0
6,3,37,0
9,-1,37,0
10,-1,37,0
6,4,37,0
6,5,37,0
7,5,38,0
8,5,38,0
9,5,39,0
10,5,39,0
11,-1,36,0
11,5,39,0
12,-1,36,0
12,0,36,0
12,1,37,0
12,2,37,0
12,3,38,0
12,4,38,0
12,5,39,0
5,-2,36,0
5,-1,36,0
5,0,36,0
6,-2,36,0
7,-2,36,0
5,1,36,0
5,2,36,0
8,-2,37,0
9,-2,36,0
5,3,36,0
5,4,36,0
10,-2,36,0
11,-2,36,0
5,5,36,0
5,6,36,0
3,6,40,0
2,5,39,0
2,6,39,0
2,7,39,0
2,7,40,0
2,7,41,0
3,5,39,0
3,6,39,0
3,6,41,0
3,7,41,0
4,5,39,0
4,6,39,0
4,7,39,0
4,7,40,0
4,7,41,0
1,5,38,0
1,6,38,0
1,6,39,0
2,5,38,0
2,6,38,0
3,5,38,0
3,6,38,0
1,7,38,0
1,7,39,0
2,7,38,0
1,8,38,0
1,8,39,0
2,8,38,0
2,8,39,0
2,8,40,0
3,8,38,0
3,8,39,0
3,8,40,0
3,8,41,0
4,5,38,0
4,6,38,0
4,7,38,0
5,5,39,0
5,6,38,0
5,6,39,0
5,7,38,0
5,7,39,0
4,8,38,0
4,8,39,0
5,8,38,0
5,8,39,0
1,9,38,0
1,9,39,0
2,9,38,0
2,9,39,0
3,9,38,0
3,9,39,0
4,9,38,0
4,9,39,0
11,17,43,0
10,17,43,0
10,17,44,0
10,18,43,0
10,18,44,0
11,17,44,0
11,18,43,0
11,18,44,0
12,17,43,0
12,18,43,0
12,18,44,0
9,17,43,0
9,17,44,0
9,18,43,0
9,18,44,0
10,18,45,0
11,18,45,0
9,19,43,0
9,19,44,0
11,19,43,0
11,19,44,0
9,19,45,0
11,19,45,0
12,19,43,0
12,19,44,0
8,17,43,0
8,18,43,0
8,18,44,0
8,19,43,0
8,19,44,0
9,19,46,0
10,18,46,0
10,19,46,0
11,19,46,0
8,20,43,0
8,20,44,0
9,20,43,0
9,20,44,0
10,20,43,0
10,20,44,0
10,20,45,0
11,20,43,0
11,20,44,0
12,20,43,0
12,20,44,0
11,20,45,0
10,20,46,0
8,21,43,0
8,21,44,0
9,21,43,0
9,21,44,0
10,21,43,0
10,21,44,0
11,21,43,0
11,21,44,0
12,21,44,0
23,5,42,0
23,4,41,0
23,4,42,0
24,4,41,0
24,4,42,0
24,4,43,0
24,5,41,0
24,5,42,0
23,3,41,0
23,3,42,0
24,3,41,0
24,3,42,0
24,3,43,0
25,4,41,0
25,4,42,0
25,5,41,0
25,5,42,0
25,4,43,0
24,3,44,0
25,3,44,0
25,4,44,0
23,2,41,0
23,2,42,0
24,2,41,0
24,2,42,0
24,2,43,0
25,2,41,0
25,2,42,0
25,2,43,0
25,2,44,0
26,3,41,0
26,3,42,0
26,4,41,0
26,4,42,0
26,5,41,0
26,5,42,0
26,3,43,0
26,3,44,0
26,2,43,0
23,1,41,0
23,1,42,0
24,1,41,0
24,1,42,0
25,1,41,0
25,1,42,0
26,1,41,0
26,1,42,0
26,2,41,0
26,2,42,0
27,2,41,0
27,2,42,0
27,3,41,0
27,3,42,0
27,4,41,0
27,4,42,0
27,1,42,0
27,1,41,0
2,21,38,0
2,21,37,0
2,21,39,0
2,21,40,0
2,21,41,0
2,21,42,0
-2,17,38,0
-2,17,39,0
-2,17,40,0
-2,17,41,0
-2,17,42,0
-2,18,38,0
-2,18,39,0
-2,18,40,0
-2,18,41,0
-2,18,42,0
-2,19,38,0
-2,19,39,0
-2,19,40,0
-2,19,41,0
-2,19,42,0
-2,20,38,0
-2,20,39,0
-2,20,40,0
-2,20,41,0
-2,20,42,0
-2,21,38,0
-2,21,39,0
-2,21,40,0
-2,21,41,0
-2,21,42,0
-1,17,38,0
-1,17,39,0
-1,17,40,0
-1,17,41,0
-1,17,42,0
-1,18,38,0
-1,18,39,0
-1,18,40,0
-1,18,41,0
-1,18,42,0
-1,19,38,0
-1,19,39,0
-1,19,40,0
-1,19,41,0
-1,19,42,0
-1,20,38,0
-1,20,39,0
-1,20,40,0
-1,20,41,0
-1,20,42,0
-1,21,38,0
-1,21,39,0
-1,21,40,0
-1,21,41,0
-1,21,42,0
0,17,38,0
0,17,39,0
0,17,40,0
0,17,41,0
0,17,42,0
0,18,38,0
0,18,39,0
0,18,40,0
0,18,41,0
0,18,42,0
0,19,38,0
0,19,39,0
0,19,40,0
0,19,41,0
0,19,42,0
0,20,38,0
0,20,39,0
0,20,40,0
0,20,41,0
0,20,42,0
0,21,38,0
0,21,39,0
0,21,40,0
0,21,41,0
0,21,42,0
1,17,38,0
1,17,39,0
1,17,40,0
1,17,41,0
1,17,42,0
1,18,38,0
1,18,39,0
1,18,40,0
1,18,41,0
1,18,42,0
1,19,38,0
1,19,39,0
1,19,40,0
1,19,41,0
1,19,42,0
1,20,38,0
1,20,39,0
1,20,40,0
1,20,41,0
1,20,42,0
1,21,38,0
1,21,39,0
1,21,40,0
1,21,41,0
1,21,42,0
2,17,38,0
2,17,39,0
2,17,40,0
2,17,41,0
2,17,42,0
2,18,38,0
2,18,39,0
2,18,40,0
2,18,41,0
2,18,42,0
2,19,38,0
2,19,39,0
2,19,40,0
2,19,41,0
2,19,42,0
2,20,38,0
2,20,39,0
2,20,40,0
2,20,41,0
2,20,42,0
2,21,38,0
2,21,39,0
2,21,40,0
2,21,41,0
2,21,42,0
16,8,41,5
16,8,42,5
16,8,43,5
16,8,44,5
16,8,45,5
16,8,46,5
16,8,47,5
16,8,48,5
16,8,49,5
16,8,50,5
16,8,51,5
16,8,52,5
16,8,53,5
16,8,54,5
16,8,55,5
16,8,56,5
16,8,57,5
16,8,58,5
16,8,59,5
16,8,60,5
16,8,61,5
16,8,62,5
16,8,63,5
2,18,8,0
2,18,9,0
2,18,10,0
2,18,11,0
2,18,12,0
2,19,8,0
2,19,9,0
2,19,10,0
2,19,11,0
2,19,12,0
2,20,8,0
2,20,9,0
2,20,10,0
2,20,11,0
2,20,12,0
2,21,8,0
2,21,9,0
2,21,10,0
2,21,11,0
2,21,12,0
2,22,8,0
2,22,9,0
2,22,10,0
2,22,11,0
2,22,12,0
3,18,8,0
3,18,9,0
3,18,10,0
3,18,11,0
3,18,12,0
3,19,8,0
3,19,9,0
3,19,10,0
3,19,11,0
3,19,12,0
3,20,8,0
3,20,9,0
3,20,10,0
3,20,11,0
3,20,12,0
3,21,8,0
3,21,9,0
3,21,10,0
3,21,11,0
3,21,12,0
3,22,8,0
3,22,9,0
3,22,10,0
3,22,11,0
3,22,12,0
4,18,8,0
4,18,9,0
4,18,10,0
4,18,11,0
4,18,12,0
4,19,8,0
4,19,9,0
4,19,10,0
4,19,11,0
4,19,12,0
4,20,8,0
4,20,9,0
4,20,10,0
4,20,11,0
4,20,12,0
4,21,8,0
4,21,9,0
4,21,10,0
4,21,11,0
4,21,12,0
4,22,8,0
4,22,9,0
4,22,10,0
4,22,11,0
4,22,12,0
5,18,8,0
5,18,9,0
5,18,10,0
5,18,11,0
5,18,12,0
5,19,8,0
5,19,9,0
5,19,10,0
5,19,11,0
5,19,12,0
5,20,8,0
5,20,9,0
5,20,10,0
5,20,11,0
5,20,12,0
5,21,8,0
5,21,9,0
5,21,10,0
5,21,11,0
5,21,12,0
5,22,8,0
5,22,9,0
5,22,10,0
5,22,11,0
5,22,12,0
6,18,8,0
6,18,9,0
6,18,10,0
6,18,11,0
6,18,12,0
6,19,8,0
6,19,9,0
6,19,10,0
6,19,11,0
6,19,12,0
6,20,8,0
6,20,9,0
6,20,10,0
6,20,11,0
6,20,12,0
6,21,8,0
6,21,9,0
6,21,10,0
6,21,11,0
6,21,12,0
6,22,8,0
6,22,9,0
6,22,10,0
6,22,11,0
6,22,12,0
2,18,5,0
2,18,6,0
2,18,7,0
2,18,8,0
2,18,9,0
2,19,5,0
2,19,6,0
2,19,7,0
2,19,8,0
2,19,9,0
2,20,5,0
2,20,6,0
2,20,7,0
2,20,8,0
2,20,9,0
2,21,5,0
2,21,6,0
2,21,7,0
2,21,8,0
2,21,9,0
2,22,5,0
2,22,6,0
2,22,7,0
2,22,8,0
2,22,9,0
3,18,5,0
3,18,6,0
3,18,7,0
3,18,8,0
3,18,9,0
3,19,5,0
3,19,6,0
3,19,7,0
3,19,8,0
3,19,9,0
3,20,5,0
3,20,6,0
3,20,7,0
3,20,8,0
3,20,9,0
3,21,5,0
3,21,6,0
3,21,7,0
3,21,8,0
3,21,9,0
3,22,5,0
3,22,6,0
3,22,7,0
3,22,8,0
3,22,9,0
4,18,5,0
4,18,6,0
4,18,7,0
4,18,8,0
4,18,9,0
4,19,5,0
4,19,6,0
4,19,7,0
4,19,8,0
4,19,9,0
4,20,5,0
4,20,6,0
4,20,7,0
4,20,8,0
4,20,9,0
4,21,5,0
4,21,6,0
4,21,7,0
4,21,8,0
4,21,9,0
4,22,5,0
4,22,6,0
4,22,7,0
4,22,8,0
4,22,9,0
5,18,5,0
5,18,6,0
5,18,7,0
5,18,8,0
5,18,9,0
5,19,5,0
5,19,6,0
5,19,7,0
5,19,8,0
5,19,9,0
5,20,5,0
5,20,6,0
5,20,7,0
5,20,8,0
5,20,9,0
5,21,5,0
5,21,6,0
5,21,7,0
5,21,8,0
5,21,9,0
5,22,5,0
5,22,6,0
5,22,7,0
5,22,8,0
5,22,9,0
6,18,5,0
6,18,6,0
6,18,7,0
6,18,8,0
6,18,9,0
6,19,5,0
6,19,6,0
6,19,7,0
6,19,8,0
6,19,9,0
6,20,5,0
6,20,6,0
6,20,7,0
6,20,8,0
6,20,9,0
6,21,5,0
6,21,6,0
6,21,7,0
6,21,8,0
6,21,9,0
6,22,5,0
6,22,6,0
6,22,7,0
6,22,8,0
6,22,9,0
2,18,2,0
2,18,3,0
2,18,4,0
2,18,5,0
2,18,6,0
2,19,2,0
2,19,3,0
2,19,4,0
2,19,5,0
2,19,6,0
2,20,2,0
2,20,3,0
2,20,4,0
2,20,5,0
2,20,6,0
2,21,2,0
2,21,3,0
2,21,4,0
2,21,5,0
2,21,6,0
2,22,2,0
2,22,3,0
2,22,4,0
2,22,5,0
2,22,6,0
3,18,2,0
3,18,3,0
3,18,4,0
3,18,5,0
3,18,6,0
3,19,2,0
3,19,3,0
3,19,4,0
3,19,5,0
3,19,6,0
3,20,2,0
3,20,3,0
3,20,4,0
3,20,5,0
3,20,6,0
3,21,2,0
3,21,3,0
3,21,4,0
3,21,5,0
3,21,6,0
3,22,2,0
3,22,3,0
3,22,4,0
3,22,5,0
3,22,6,0
4,18,2,0
4,18,3,0
4,18,4,0
4,18,5,0
4,18,6,0
4,19,2,0
4,19,3,0
4,19,4,0
4,19,5,0
4,19,6,0
4,20,2,0
4,20,3,0
4,20,4,0
4,20,5,0
4,20,6,0
4,21,2,0
4,21,3,0
4,21,4,0
4,21,5,0
4,21,6,0
4,22,2,0
4,22,3,0
4,22,4,0
4,22,5,0
4,22,6,0
5,18,2,0
5,18,3,0
5,18,4,0
5,18,5,0
5,18,6,0
5,19,2,0
5,19,3,0
5,19,4,0
5,19,5,0
5,19,6,0
5,20,2,0
5,20,3,0
5,20,4,0
5,20,5,0
5,20,6,0
5,21,2,0
5,21,3,0
5,21,4,0
5,21,5,0
5,21,6,0
5,22,2,0
5,22,3,0
5,22,4,0
5,22,5,0
5,22,6,0
6,18,2,0
6,18,3,0
6,18,4,0
6,18,5,0
6,18,6,0
6,19,2,0
6,19,3,0
6,19,4,0
6,19,5,0
6,19,6,0
6,20,2,0
6,20,3,0
6,20,4,0
6,20,5,0
6,20,6,0
6,21,2,0
6,21,3,0
6,21,4,0
6,21,5,0
6,21,6,0
6,22,2,0
6,22,3,0
6,22,4,0
6,22,5,0
6,22,6,0
4,20,1,0
3,19,1,0
3,20,1,0
3,21,1,0
4,19,1,0
4,21,1,0
5,19,1,0
5,20,1,0
5,21,1,0
2,18,1,0
2,19,1,0
2,20,1,0
3,18,1,0
4,18,1,0
2,21,1,0
2,22,1,0
3,22,1,0
4,22,1,0
5,18,1,0
5,22,1,0
6,18,1,0
6,19,1,0
6,20,1,0
6,21,1,0
6,22,1,0
1,17,1,0
1,17,2,0
1,18,1,0
1,18,2,0
1,19,1,0
1,19,2,0
2,17,1,0
2,17,2,0
3,17,1,0
3,17,2,0
1,20,1,0
1,20,2,0
1,21,1,0
1,21,2,0
4,17,1,0
4,17,2,0
5,17,1,0
5,17,2,0
1,22,1,0
1,22,2,0
1,23,1,0
1,23,2,0
2,23,1,0
2,23,2,0
3,23,1,0
3,23,2,0
4,23,1,0
4,23,2,0
5,23,1,0
5,23,2,0
6,17,1,0
6,17,2,0
6,23,1,0
6,23,2,0
7,17,1,0
7,17,2,0
7,18,1,0
7,18,2,0
7,19,1,0
2,24,2,0
1,23,3,0
1,24,1,0
1,24,2,0
1,24,3,0
1,25,1,0
1,25,2,0
1,25,3,0
2,23,3,0
2,24,1,0
2,24,3,0
2,25,1,0
2,25,2,0
2,25,3,0
3,23,3,0
3,24,1,0
3,24,2,0
3,24,3,0
3,25,1,0
3,25,2,0
3,25,3,0
0,22,2,0
0,22,3,0
0,22,4,0
0,23,2,0
0,23,3,0
0,23,4,0
0,24,2,0
0,24,3,0
0,24,4,0
1,22,3,0
1,22,4,0
1,23,4,0
1,24,4,0
2,23,4,0
2,24,4,0
0,23,1,0
0,24,1,0
0,25,1,0
0,25,2,0
0,25,3,0
0,25,4,0
1,25,4,0
2,25,4,0
0,26,1,0
0,26,2,0
1,26,1,0
1,26,2,0
2,26,1,0
2,26,2,0
0,26,3,0
1,26,3,0
2,26,3,0
0,26,4,0
1,26,4,0
2,26,4,0
3,23,4,0
3,24,4,0
3,25,4,0
3,26,1,0
3,26,2,0
3,26,3,0
3,26,4,0
4,23,3,0
3,27,2,0
2,27,1,0
2,27,2,0
2,27,3,0
2,28,1,0
2,28,2,0
2,28,3,0
3,27,1,0
3,27,3,0
3,28,1,0
3,28,2,0
3,28,3,0
4,26,1,0
4,26,2,0
4,26,3,0
4,27,1,0
4,27,2,0
4,27,3,0
4,28,1,0
4,28,2,0
4,28,3,0
1,27,1,0
1,27,2,0
1,28,1,0
1,28,2,0
1,27,3,0
1,28,3,0
1,27,4,0
1,28,4,0
2,27,4,0
2,28,4,0
3,27,4,0
3,28,4,0
1,29,1,0
1,29,2,0
2,29,1,0
2,29,2,0
3,29,1,0
3,29,2,0
1,29,3,0
2,29,3,0
3,29,3,0
1,29,4,0
2,29,4,0
3,29,4,0
4,26,4,0
4,27,4,0
4,28,4,0
4,29,1,0
4,29,2,0
4,29,3,0
4,29,4,0
4,25,1,0
4,25,2,0
5,25,1,0
5,25,2,0
5,26,1,0
5,26,2,0
5,27,1,0
5,27,2,0
4,25,3,0
5,25,3,0
5,26,3,0
5,27,3,0
0,27,1,0
-1,26,1,0
-1,26,2,0
-1,27,1,0
-1,27,2,0
-1,28,1,0
-1,28,2,0
0,27,2,0
0,28,1,0
0,28,2,0
-2,25,1,0
-2,25,2,0
-2,26,1,0
-2,26,2,0
-2,27,1,0
-2,27,2,0
-1,25,1,0
-1,25,2,0
-2,25,3,0
-2,26,3,0
-2,27,3,0
-1,25,3,0
-1,26,3,0
-1,27,3,0
0,27,3,0
-2,28,1,0
-2,28,2,0
-2,28,3,0
-1,28,3,0
0,28,3,0
-2,29,1,0
-2,29,2,0
-1,29,1,0
-1,29,2,0
0,29,1,0
0,29,2,0
-2,29,3,0
-1,29,3,0
0,29,3,0
-3,24,1,0
-3,24,2,0
-3,25,1,0
-3,25,2,0
-3,26,1,0
-3,26,2,0
-2,24,1,0
-2,24,2,0
-1,24,1,0
-1,24,2,0
-3,24,3,0
-3,25,3,0
-3,26,3,0
-2,24,3,0
-1,24,3,0
-3,27,1,0
-3,27,2,0
-3,27,3,0
-3,28,1,0
-3,28,2,0
-3,28,3,0
-3,24,4,0
-3,25,4,0
-3,26,4,0
-2,24,4,0
-3,29,1,0
-4,28,1,0
-4,28,2,0
-4,29,1,0
-4,29,2,0
-4,30,1,0
-4,30,2,0
-3,29,2,0
-3,30,1,0
-3,30,2,0
-2,30,1,0
-2,30,2,0
-5,27,1,0
-5,27,2,0
-5,28,1,0
-5,28,2,0
-5,29,1,0
-5,29,2,0
-4,27,1,0
-4,27,2,0
-5,27,3,0
-5,28,3,0
-5,29,3,0
-4,27,3,0
-4,28,3,0
-4,29,3,0
-3,29,3,0
-5,30,1,0
-5,30,2,0
-5,30,3,0
-4,30,3,0
-3,30,3,0
-5,31,1,0
-5,31,2,0
-4,31,1,0
-4,31,2,0
-3,31,1,0
-3,31,2,0
-5,31,3,0
-4,31,3,0
-3,31,3,0
-2,30,3,0
-2,31,1,0
-2,31,2,0
-2,31,3,0
-1,30,1,0
-1,30,2,0
-1,31,1,0
-1,31,2,0
-1,30,3,0
-1,31,3,0
-6,26,1,0
-6,26,2,0
-6,27,1,0
-6,27,2,0
-6,28,1,0
-6,28,2,0
-5,26,1,0
-5,26,2,0
-4,26,1,0
-4,26,2,0
-6,26,3,0
-6,27,3,0
-6,28,3,0
-6,30,1,0
-7,29,1,0
-7,29,2,0
-7,30,1,0
-7,30,2,0
-7,31,1,0
-7,31,2,0
-6,29,1,0
-6,29,2,0
-6,30,2,0
-6,31,1,0
-6,31,2,0
-8,28,1,0
-8,28,2,0
-8,29,1,0
-8,29,2,0
-8,30,1,0
-8,30,2,0
-7,28,1,0
-7,28,2,0
-8,28,3,0
-8,29,3,0
-8,30,3,0
-7,28,3,0
-7,29,3,0
-7,30,3,0
-6,29,3,0
-6,30,3,0
-8,31,1,0
-8,31,2,0
-8,31,3,0
-7,31,3,0
-6,31,3,0
-8,32,1,0
-8,32,2,0
-7,32,1,0
-7,32,2,0
-6,32,1,0
-6,32,2,0
-8,32,3,0
-7,32,3,0
-6,32,3,0
-5,32,1,0
-5,32,2,0
-5,32,3,0
-9,27,1,0
-9,27,2,0
-9,28,1,0
-9,28,2,0
-9,29,1,0
-9,29,2,0
-8,27,1,0
-8,27,2,0
-7,27,1,0
-7,27,2,0
-9,27,3,0
-9,28,3,0
-9,29,3,0
-8,27,3,0
-7,27,3,0
-9,30,1,0
-9,30,2,0
-9,30,3,0
-9,31,1,0
-9,32,1,0
-10,31,1,0
-10,31,2,0
-10,32,1,0
-10,32,2,0
-10,33,1,0
-10,33,2,0
-9,31,2,0
-9,32,2,0
-9,33,1,0
-9,33,2,0
-8,33,1,0
-8,33,2,0
-11,30,1,0
-11,30,2,0
-11,31,1,0
-11,31,2,0
-11,32,1,0
-11,32,2,0
-10,30,1,0
-10,30,2,0
-11,30,3,0
-11,31,3,0
-11,32,3,0
-10,30,3,0
-10,31,3,0
-10,32,3,0
-9,31,3,0
-9,32,3,0
-11,33,1,0
-11,33,2,0
-11,33,3,0
-10,33,3,0
-9,33,3,0
-11,34,1,0
-11,34,2,0
-10,34,1,0
-10,34,2,0
-9,34,1,0
-9,34,2,0
-11,34,3,0
-10,34,3,0
-9,34,3,0
-8,33,3,0
-8,34,1,0
-8,34,2,0
-8,34,3,0
-7,33,1,0
-7,33,2,0
-7,34,1,0
-7,34,2,0
-7,33,3,0
-7,34,3,0
-12,29,1,0
-12,29,2,0
-12,30,1,0
-12,30,2,0
-12,31,1,0
-12,31,2,0
-11,29,1,0
-11,29,2,0
-10,29,1,0
-10,29,2,0
-12,29,3,0
-12,33,1,0
-13,32,1,0
-13,32,2,0
-13,33,1,0
-13,33,2,0
-13,34,1,0
-13,34,2,0
-12,32,1,0
-12,32,2,0
-12,33,2,0
-12,34,1,0
-12,34,2,0
-14,31,1,0
-14,31,2,0
-14,32,1,0
-14,32,2,0
-14,33,1,0
-14,33,2,0
-13,31,1,0
-13,31,2,0
-14,31,3,0
-14,32,3,0
-14,33,3,0
-13,31,3,0
-13,32,3,0
-13,33,3,0
-12,31,3,0
-12,32,3,0
-12,33,3,0
-14,34,1,0
-14,34,2,0
-14,34,3,0
-13,34,3,0
-12,34,3,0
-14,35,1,0
-14,35,2,0
-13,35,1,0
-13,35,2,0
-12,35,1,0
-12,35,2,0
-14,35,3,0
-13,35,3,0
-12,35,3,0
-11,35,1,0
-11,35,2,0
-11,35,3,0
-15,30,1,0
-15,30,2,0
-15,31,1,0
-15,31,2,0
-15,32,1,0
-15,32,2,0
-14,30,1,0
-14,30,2,0
-13,30,1,0
-13,30,2,0
-15,30,3,0
-15,31,3,0
-15,32,3,0
-14,30,3,0
-13,30,3,0
-15,33,1,0
-15,33,2,0
-15,33,3,0
-15,35,1,0
-16,34,1,0
-16,34,2,0
-16,35,1,0
-16,35,2,0
-16,36,1,0
-16,36,2,0
-15,34,1,0
-15,34,2,0
-15,35,2,0
-15,36,1,0
-15,36,2,0
-14,36,1,0
-14,36,2,0
-17,33,1,0
-17,33,2,0
-17,34,1,0
-17,34,2,0
-17,35,1,0
-17,35,2,0
-16,33,1,0
-16,33,2,0
-17,33,3,0
-17,34,3,0
-17,35,3,0
-16,33,3,0
-16,34,3,0
-16,35,3,0
-15,34,3,0
-15,35,3,0
-17,36,1,0
-17,36,2,0
-17,36,3,0
-16,36,3,0
-15,36,3,0
-17,37,1,0
-17,37,2,0
-16,37,1,0
-16,37,2,0
-15,37,1,0
-15,37,2,0
-17,37,3,0
-16,37,3,0
-15,37,3,0
-14,36,3,0
-14,37,1,0
-14,37,2,0
-14,37,3,0
-13,36,1,0
-13,36,2,0
-13,37,1,0
-13,37,2,0
-13,36,3,0
-13,37,3,0
-18,32,1,0
-18,32,2,0
-18,33,1,0
-18,33,2,0
-18,34,1,0
-18,34,2,0
-17,32,1,0
-17,32,2,0
-16,32,1,0
-16,32,2,0
-17,38,1,0
-18,37,1,0
-18,37,2,0
-18,38,1,0
-18,38,2,0
-18,39,1,0
-18,39,2,0
-17,38,2,0
-17,39,1,0
-17,39,2,0
-16,38,1,0
-16,38,2,0
-16,39,1,0
-16,39,2,0
-19,36,1,0
-19,36,2,0
-19,37,1,0
-19,37,2,0
-19,38,1,0
-19,38,2,0
-18,36,1,0
-18,36,2,0
-19,36,3,0
-19,37,3,0
-19,38,3,0
-18,36,3,0
-18,37,3,0
-18,38,3,0
-17,38,3,0
-19,39,1,0
-19,39,2,0
-19,39,3,0
-18,39,3,0
-17,39,3,0
-19,40,1,0
-19,40,2,0
-18,40,1,0
-18,40,2,0
-17,40,1,0
-17,40,2,0
-19,40,3,0
-18,40,3,0
-17,40,3,0
-16,38,3,0
-16,39,3,0
-16,40,1,0
-16,40,2,0
-16,40,3,0
-15,38,1,0
-15,38,2,0
-15,39,1,0
-15,39,2,0
-15,38,3,0
-15,39,3,0
-15,40,1,0
-15,40,2,0
-15,40,3,0
-20,35,1,0
-20,35,2,0
-20,36,1,0
-20,36,2,0
-20,37,1,0
-20,37,2,0
-19,35,1,0
-20,38,1,0
-21,37,1,0
-21,37,2,0
-21,38,1,0
-21,38,2,0
-21,39,1,0
-21,39,2,0
-20,38,2,0
-20,39,1,0
-20,39,2,0
-22,36,1,0
-22,36,2,0
-22,37,1,0
-22,37,2,0
-22,38,1,0
-22,38,2,0
-21,36,1,0
-21,36,2,0
-22,36,3,0
-22,37,3,0
-22,38,3,0
-21,36,3,0
-21,37,3,0
-21,38,3,0
-20,36,3,0
-20,37,3,0
-20,38,3,0
-22,39,1,0
-22,39,2,0
-22,39,3,0
-21,39,3,0
-20,39,3,0
-22,40,1,0
-22,40,2,0
-21,40,1,0
-21,40,2,0
-20,40,1,0
-20,40,2,0
-22,40,3,0
-21,40,3,0
-20,40,3,0
-23,35,1,0
-23,35,2,0
-23,36,1,0
-23,36,2,0
-23,37,1,0
-23,37,2,0
-22,35,1,0
-22,35,2,0
-21,35,1,0
-21,35,2,0
-23,35,3,0
-23,36,3,0
-23,37,3,0
-22,35,3,0
-21,35,3,0
-23,38,1,0
-23,38,2,0
-23,38,3,0
-23,39,1,0
-23,39,2,0
-23,39,3,0
-20,35,3,0
-23,35,4,0
90,57,20,0
89,56,19,0
89,56,20,0
89,57,19,0
89,57,20,0
89,58,19,0
89,58,20,0
90,56,19,0
90,56,20,0
90,57,19,0
90,58,19,0
90,58,20,0
91,56,19,0
91,56,20,0
91,57,19,0
91,57,20,0
91,58,19,0
91,58,20,0
88,55,18,0
88,55,19,0
88,55,20,0
88,56,18,0
88,56,19,0
88,56,20,0
88,57,18,0
88,57,19,0
88,57,20,0
89,55,18,0
89,55,19,0
89,55,20,0
89,56,18,0
89,57,18,0
90,55,18,0
90,55,19,0
90,55,20,0
90,56,18,0
90,57,18,0
88,58,18,0
88,58,19,0
88,58,20,0
89,58,18,0
90,58,18,0
88,59,18,0
88,59,19,0
88,59,20,0
89,59,18,0
89,59,19,0
89,59,20,0
90,59,18,0
90,59,19,0
90,59,20,0
91,55,18,0
91,55,19,0
91,55,20,0
91,56,18,0
91,57,18,0
91,58,18,0
91,59,18,0
91,59,19,0
91,59,20,0
92,55,18,0
92,55,19,0
92,55,20,0
92,56,18,0
91,55,17,0
90,54,17,0
90,54,18,0
90,55,17,0
90,56,17,0
91,54,17,0
91,54,18,0
91,56,17,0
92,54,17,0
92,54,18,0
92,55,17,0
92,56,17,0
89,53,18,0
89,54,18,0
89,55,17,0
90,53,18,0
91,53,17,0
91,53,18,0
89,53,19,0
89,54,19,0
90,53,19,0
90,54,19,0
91,53,19,0
91,54,19,0
89,56,17,0
89,57,17,0
90,57,17,0
91,57,17,0
92,53,17,0
92,53,18,0
92,53,19,0
92,54,19,0
92,57,17,0
92,57,18,0
93,53,17,0
93,53,18,0
93,54,16,0
93,54,17,0
93,54,18,0
93,55,16,0
93,55,17,0
93,55,18,0
93,53,19,0
93,54,19,0
93,55,19,0
93,56,16,0
93,56,17,0
93,56,18,0
93,57,16,0
93,57,17,0
93,57,18,0
88,52,19,0
88,53,18,0
88,53,19,0
88,54,18,0
88,54,19,0
89,52,18,0
89,52,19,0
90,52,18,0
90,52,19,0
91,52,17,0
91,52,18,0
91,52,19,0
92,52,17,0
94,53,17,0
93,52,17,0
93,52,18,0
94,52,16,0
94,52,17,0
94,52,18,0
94,53,16,0
94,53,18,0
94,54,16,0
94,54,17,0
94,54,18,0
95,52,16,0
95,52,17,0
95,52,18,0
95,53,16,0
95,53,17,0
95,53,18,0
95,54,16,0
95,54,17,0
95,54,18,0
92,51,17,0
92,51,18,0
92,52,18,0
93,51,17,0
93,51,18,0
94,51,17,0
94,51,18,0
92,51,19,0
92,52,19,0
93,51,19,0
93,52,19,0
94,51,19,0
94,52,19,0
94,53,19,0
95,51,16,0
95,51,17,0
95,51,18,0
95,51,19,0
95,52,19,0
95,53,19,0
94,54,19,0
95,54,19,0
94,55,16,0
94,55,17,0
95,55,16,0
95,55,17,0
94,55,18,0
95,55,18,0
94,55,19,0
95,55,19,0
96,51,16,0
96,51,17,0
96,52,16,0
96,52,17,0
96,53,16,0
96,53,17,0
96,51,18,0
96,52,18,0
96,53,18,0
96,51,19,0
96,52,19,0
96,53,19,0
96,54,16,0
96,54,17,0
96,50,16,0
95,49,17,0
95,50,16,0
95,50,17,0
96,49,16,0
96,49,17,0
96,50,17,0
97,49,16,0
97,49,17,0
97,50,16,0
97,50,17,0
97,51,16,0
97,51,17,0
94,48,17,0
94,48,18,0
94,49,17,0
94,49,18,0
94,50,17,0
94,50,18,0
95,48,17,0
95,48,18,0
95,49,18,0
95,50,18,0
96,48,16,0
96,48,17,0
96,48,18,0
96,49,18,0
96,50,18,0
97,48,16,0
97,48,17,0
97,48,18,0
97,49,18,0
97,50,18,0
97,51,18,0
98,48,16,0
98,48,17,0
98,49,16,0
98,49,17,0
98,50,16,0
98,50,17,0
98,48,18,0
98,49,18,0
98,50,18,0
98,51,16,0
98,51,17,0
98,51,18,0
97,52,16,0
97,52,17,0
98,52,16,0
98,52,17,0
97,52,18,0
98,52,18,0
93,47,17,0
93,47,18,0
93,48,17,0
93,48,18,0
93,49,17,0
93,49,18,0
94,47,17,0
94,47,18,0
95,47,17,0
95,47,18,0
93,47,19,0
93,48,19,0
98,47,16,0
97,46,16,0
97,46,17,0
97,47,16,0
97,47,17,0
98,46,16,0
98,46,17,0
98,47,17,0
99,46,16,0
99,46,17,0
99,47,15,0
99,47,16,0
99,47,17,0
99,48,16,0
99,48,17,0
96,45,17,0
96,46,16,0
96,46,17,0
96,47,16,0
96,47,17,0
97,45,16,0
97,45,17,0
98,45,16,0
98,45,17,0
96,45,18,0
96,46,18,0
96,47,18,0
97,45,18,0
97,46,18,0
97,47,18,0
98,45,18,0
98,46,18,0
98,47,18,0
99,45,16,0
99,45,17,0
99,45,18,0
99,46,18,0
99,47,18,0
99,48,18,0
100,45,15,0
100,45,16,0
100,45,17,0
100,46,15,0
100,46,16,0
100,46,17,0
100,47,15,0
100,47,16,0
100,47,17,0
100,45,18,0
100,46,18,0
100,47,18,0
100,48,15,0
100,48,16,0
100,48,17,0
100,48,18,0
99,49,16,0
99,49,17,0
100,49,16,0
100,49,17,0
99,49,18,0
100,49,18,0
95,44,17,0
95,44,18,0
95,45,17,0
101,45,16,0
100,44,16,0
100,44,17,0
101,44,15,0
101,44,16,0
101,44,17,0
101,45,15,0
101,45,17,0
101,46,15,0
101,46,16,0
101,46,17,0
102,44,15,0
102,44,16,0
102,44,17,0
102,45,15,0
102,45,16,0
102,45,17,0
102,46,15,0
102,46,16,0
102,46,17,0
99,43,16,0
99,43,17,0
99,44,16,0
99,44,17,0
100,43,16,0
100,43,17,0
101,43,16,0
101,43,17,0
99,43,18,0
99,44,18,0
100,43,18,0
100,44,18,0
101,43,18,0
101,44,18,0
101,45,18,0
102,43,15,0
102,43,16,0
102,43,17,0
102,43,18,0
102,44,18,0
102,45,18,0
101,46,18,0
102,46,18,0
101,47,15,0
101,47,16,0
102,47,15,0
102,47,16,0
101,47,17,0
102,47,17,0
101,47,18,0
102,47,18,0
103,43,16,0
103,44,15,0
103,44,16,0
103,45,15,0
103,45,16,0
103,43,17,0
103,44,17,0
103,45,17,0
103,43,18,0
103,44,18,0
103,45,18,0
103,46,15,0
103,46,16,0
103,42,16,0
102,41,16,0
102,41,17,0
102,42,16,0
102,42,17,0
103,41,16,0
103,41,17,0
103,42,17,0
104,41,17,0
104,42,16,0
104,42,17,0
104,43,16,0
104,43,17,0
101,40,17,0
101,41,16,0
101,41,17,0
101,42,16,0
101,42,17,0
102,40,17,0
103,40,17,0
101,40,18,0
101,41,18,0
101,42,18,0
102,40,18,0
102,41,18,0
102,42,18,0
103,40,18,0
103,41,18,0
103,42,18,0
104,40,17,0
104,40,18,0
104,41,18,0
104,42,18,0
104,43,18,0
105,40,18,0
105,41,17,0
105,41,18,0
105,42,17,0
105,42,18,0
105,43,16,0
105,43,17,0
105,43,18,0
104,44,16,0
104,44,17,0
105,44,16,0
105,44,17,0
104,44,18,0
105,44,18,0
100,39,18,0
100,40,17,0
100,40,18,0
100,41,17,0
100,41,18,0
101,39,17,0
101,39,18,0
102,39,17,0
102,39,18,0
100,42,16,0
100,42,17,0
100,42,18,0
103,39,17,0
103,39,18,0
104,39,18,0
100,39,19,0
105,40,19,0
104,39,19,0
104,39,20,0
104,40,19,0
104,40,20,0
104,41,19,0
104,41,20,0
105,39,18,0
105,39,19,0
105,39,20,0
105,40,20,0
105,41,19,0
105,41,20,0
106,39,18,0
106,39,19,0
106,39,20,0
106,40,18,0
106,40,19,0
106,40,20,0
106,41,18,0
106,41,19,0
106,41,20,0
103,38,18,0
103,38,19,0
103,38,20,0
103,39,19,0
103,39,20,0
103,40,19,0
103,40,20,0
104,38,18,0
104,38,19,0
104,38,20,0
105,38,18,0
105,38,19,0
105,38,20,0
103,41,19,0
103,41,20,0
103,42,19,0
103,42,20,0
104,42,19,0
104,42,20,0
105,42,19,0
105,42,20,0
106,38,19,0
106,38,20,0
106,42,18,0
106,42,19,0
106,42,20,0
107,38,19,0
107,39,19,0
107,40,18,0
107,40,19,0
107,38,20,0
107,39,20,0
107,40,20,0
107,41,18,0
107,41,19,0
107,41,20,0
106,42,17,0
107,42,18,0
107,42,19,0
107,42,20,0
102,37,18,0
102,37,19,0
3,19,40,0
3,19,41,0
3,20,40,0
3,20,41,0
4,19,41,0
4,20,40,0
4,20,41,0
3,21,40,0
3,21,41,0
4,21,40,0
4,21,41,0
3,21,42,0
2,22,40,0
2,22,41,0
3,22,40,0
3,22,41,0
4,22,40,0
4,22,41,0
2,22,42,0
3,22,42,0
2,20,43,0
2,21,43,0
2,22,43,0
3,21,43,0
1,22,40,0
1,22,41,0
1,23,40,0
1,23,41,0
2,23,40,0
2,23,41,0
3,23,40,0
3,23,41,0
1,22,42,0
4,23,40,0
4,23,41,0
1,21,43,0
0,22,40,0
0,22,41,0
0,23,40,0
0,23,41,0
22,40,38,0
22,40,37,0
22,40,39,0
22,40,40,0
22,40,41,0
22,40,42,0
27,40,38,0
27,40,39,0
27,40,40,0
27,40,41,0
27,40,42,0
27,40,43,0
24,45,37,0
24,45,36,0
24,45,38,0
24,45,39,0
24,45,40,0
24,45,41,0
25,51,37,0
25,51,36,0
25,51,38,0
25,51,39,0
25,51,40,0
18,43,36,0
18,43,35,0
18,43,37,0
18,43,38,0
18,43,39,0
12,39,34,0
12,39,35,0
12,39,36,0
12,39,37,0
12,39,38,0
-4,36,39,0
-4,36,38,0
-4,36,40,0
-4,36,37,0
-4,36,41,0
-4,36,42,0
-4,36,43,0
-4,40,39,0
-4,40,38,0
-4,40,40,0
-4,40,41,0
-4,40,42,0
-4,40,43,0
-4,40,44,0
